0.411764705882
0.153846153846
0.166666666667
0.105263157895
0.25641025641
0.285714285714
0.230769230769
-1
0.206896551724
0.228571428571
0.129032258065
0.176470588235
0.0645161290323
0.0714285714286
0.111111111111
0.0571428571429
0.0555555555556
0.242424242424
0.296296296296
0.352941176471
0.424242424242
0.378378378378
0.222222222222
0.222222222222
0.222222222222
0.176470588235
0.1875
0.2
0.181818181818
0.333333333333
0.387096774194
0.0769230769231
0.0689655172414
0.0526315789474
0.166666666667
0.142857142857
0.285714285714
0.27027027027
0.378378378378
0.235294117647
0.24
-1
0.0714285714286
0.1
0.258064516129
0.0526315789474
0.148148148148
0.139534883721
0.307692307692
0.0512820512821
0.0
0.0
0.48275862069
0.25641025641
0.344827586207
0.1875
0.148148148148
0.111111111111
0.2
0.137931034483
0.1875
0.190476190476
0.166666666667
0.108108108108
0.0666666666667
0.129032258065
-1
0.0740740740741
0.0
0.139534883721
0.5
0.296296296296
0.428571428571
0.0645161290323
0.294117647059
0.125
0.384615384615
0.0512820512821
0.315789473684
0.235294117647
0.142857142857
0.0666666666667
0.176470588235
0.137931034483
0.461538461538
0.27027027027
0.210526315789
0.48275862069
0.129032258065
0.296296296296
-1
0.216216216216
0.342857142857
0.421052631579
0.235294117647
0.206896551724
0.129032258065
0.146341463415
0.125
0.137931034483
0.222222222222
0.0689655172414
0.0625
0.105263157895
0.148148148148
0.228571428571
0.0833333333333
0.277777777778
0.129032258065
0.173913043478
0.0588235294118
0.25
0.258064516129
0.214285714286
0.3125
0.1875
0.121212121212
0.133333333333
0.111111111111
0.16
0.111111111111
0.15
0.25
0.0606060606061
0.153846153846
0.193548387097
0.2
0.518518518519
0.357142857143
0.333333333333
0.235294117647
0.15
0.0606060606061
-1
-1
0.08
0.121212121212
0.193548387097
0.190476190476
0.222222222222
0.0952380952381
-1
0.153846153846
0.4375
0.322580645161
0.294117647059
0.193548387097
0.0740740740741
0.0740740740741
0.235294117647
0.0555555555556
0.105263157895
0.121212121212
0.242424242424
0.142857142857
-1
0.266666666667
0.324324324324
0.277777777778
0.324324324324
0.285714285714
0.266666666667
0.307692307692
0.30303030303
0.214285714286
0.0689655172414
0.0606060606061
0.181818181818
0.0606060606061
0.117647058824
0.08
0.129032258065
0.0689655172414
0.105263157895
0.114285714286
0.615384615385
0.540540540541
0.230769230769
0.121212121212
0.307692307692
0.294117647059
0.133333333333
0.451612903226
0.117647058824
0.222222222222
0.0606060606061
0.1875
0.285714285714
0.153846153846
0.0
0.0645161290323
0.266666666667
0.1875
0.111111111111
0.125
0.121212121212
0.216216216216
0.0540540540541
0.357142857143
0.307692307692
0.285714285714
0.206896551724
0.114285714286
0.125
0.344827586207
0.37037037037
0.181818181818
0.375
0.121212121212
0.210526315789
0.0
0.1875
0.193548387097
0.148148148148
0.258064516129
0.142857142857
0.285714285714
0.102564102564
0.121212121212
0.171428571429
0.137931034483
0.162162162162
0.692307692308
0.357142857143
0.3125
0.0645161290323
0.25
0.171428571429
0.342857142857
0.0714285714286
0.0625
0.0
0.15
0.2
0.0526315789474
0.230769230769
0.0645161290323
0.133333333333
0.416666666667
0.318181818182
0.30303030303
0.296296296296
0.27027027027
0.205128205128
0.171428571429
0.193548387097
0.133333333333
0.186046511628
0.15
0.1
0.222222222222
0.0666666666667
0.117647058824
0.0526315789474
0.0645161290323
0.0714285714286
0.177777777778
0.540540540541
0.583333333333
0.258064516129
0.216216216216
0.454545454545
0.411764705882
0.2
0.0714285714286
0.0606060606061
0.121212121212
0.2
0.108108108108
0.0869565217391
0.25
0.166666666667
0.214285714286
0.307692307692
0.0689655172414
0.551724137931
0.222222222222
0.30303030303
0.0869565217391
0.16
0.0555555555556
0.0666666666667
0.1875
0.125
0.133333333333
0.0740740740741
0.15
0.0606060606061
0.181818181818
0.333333333333
0.171428571429
0.0833333333333
0.157894736842
0.16
0.0588235294118
0.102564102564
0.0645161290323
0.0645161290323
0.363636363636
-1
0.148148148148
-1
0.0689655172414
0.210526315789
0.137931034483
0.133333333333
0.121212121212
0.08
0.148148148148
0.19512195122
0.277777777778
0.0769230769231
0.129032258065
0.125
0.324324324324
0.08
0.8125
0.285714285714
0.5
0.45
0.214285714286
0.4
0.5
0.142857142857
0.137931034483
0.193548387097
0.16
0.3125
0.0714285714286
0.30303030303
0.222222222222
0.230769230769
0.0645161290323
0.0606060606061
0.148148148148
0.0526315789474
0.358974358974
0.08
0.333333333333
-1
0.444444444444
0.363636363636
0.324324324324
0.137931034483
0.266666666667
0.137931034483
0.4
0.173913043478
0.0666666666667
0.0540540540541
0.235294117647
0.0714285714286
0.133333333333
0.102564102564
0.153846153846
0.285714285714
0.428571428571
0.375
0.1875
0.4
0.388888888889
0.0512820512821
0.0833333333333
0.0588235294118
0.0625
0.0555555555556
0.307692307692
0.105263157895
0.263157894737
0.0645161290323
0.148148148148
0.114285714286
0.0869565217391
0.210526315789
0.0
