0.75
0.571428571429
0.7
0.827586206897
0.190476190476
0.3
0.909090909091
0.777777777778
0.545454545455
0.857142857143
0.823529411765
0.75
0.75
0.0909090909091
0.909090909091
0.555555555556
0.260869565217
0.75
0.8
0.275862068966
0.588235294118
0.4
0.95652173913
0.72
0.235294117647
0.352941176471
0.384615384615
0.8
0.526315789474
0.4
0.9
0.8
1.0
0.923076923077
0.7
0.666666666667
0.818181818182
0.857142857143
0.533333333333
0.8
0.32
0.315789473684
0.444444444444
0.4
0.454545454545
0.5
0.869565217391
0.727272727273
0.842105263158
0.48
0.761904761905
0.538461538462
0.636363636364
0.941176470588
0.285714285714
0.454545454545
0.24
0.782608695652
0.75
0.695652173913
0.631578947368
0.16
0.533333333333
0.833333333333
0.242424242424
0.428571428571
0.444444444444
0.666666666667
0.857142857143
0.761904761905
0.857142857143
0.631578947368
0.105263157895
0.717948717949
0.1
0.75
1.0
0.434782608696
0.8
0.625
0.545454545455
0.846153846154
0.631578947368
0.695652173913
1.0
0.727272727273
0.571428571429
0.666666666667
0.8
0.818181818182
0.117647058824
0.571428571429
0.307692307692
0.571428571429
0.25
0.666666666667
0.214285714286
0.857142857143
0.875
0.333333333333
0.384615384615
0.363636363636
0.857142857143
0.857142857143
0.740740740741
0.909090909091
0.857142857143
0.190476190476
0.666666666667
1.09090909091
0.571428571429
0.666666666667
0.857142857143
0.6
0.181818181818
0.875
0.56
0.421052631579
0.636363636364
0.32
0.875
0.133333333333
0.888888888889
1.0
0.857142857143
0.315789473684
0.470588235294
1.11111111111
0.444444444444
0.5
0.315789473684
0.933333333333
0.444444444444
1.0
0.615384615385
0.470588235294
0.526315789474
0.6
0.625
0.777777777778
0.823529411765
0.833333333333
0.413793103448
0.5
0.769230769231
0.8
0.842105263158
0.636363636364
0.333333333333
0.947368421053
0.705882352941
0.823529411765
1.0
0.210526315789
0.823529411765
0.181818181818
0.4
0.631578947368
0.96
1.0
0.347826086957
0.533333333333
1.0
0.588235294118
0.857142857143
0.363636363636
0.769230769231
1.0
0.761904761905
0.266666666667
0.636363636364
0.916666666667
0.777777777778
0.470588235294
0.625
0.615384615385
0.333333333333
0.0869565217391
0.615384615385
0.222222222222
0.521739130435
0.352941176471
0.47619047619
0.666666666667
0.380952380952
0.444444444444
0.75
0.315789473684
0.545454545455
0.37037037037
0.444444444444
0.47619047619
0.705882352941
0.285714285714
0.875
0.727272727273
0.736842105263
0.571428571429
0.896551724138
0.727272727273
0.1
0.48275862069
0.75
0.818181818182
0.214285714286
0.72
0.380952380952
0.315789473684
0.333333333333
0.571428571429
0.3
0.8
0.777777777778
0.75
0.714285714286
0.538461538462
0.818181818182
0.260869565217
0.736842105263
1.0
0.275862068966
0.842105263158
0.5
0.888888888889
0.4
0.888888888889
0.210526315789
0.272727272727
0.210526315789
0.714285714286
0.235294117647
0.625
0.0869565217391
0.857142857143
0.782608695652
0.923076923077
0.111111111111
0.5
0.875
0.421052631579
0.857142857143
0.555555555556
0.9
0.5
0.521739130435
0.727272727273
0.344827586207
0.631578947368
0.75
0.555555555556
0.0869565217391
0.705882352941
0.769230769231
-1
0.352941176471
1.0
0.666666666667
0.666666666667
0.7
0.875
0.666666666667
0.588235294118
0.777777777778
0.695652173913
0.666666666667
0.571428571429
1.0
0.571428571429
0.777777777778
0.190476190476
0.625
0.888888888889
0.705882352941
0.666666666667
0.947368421053
0.571428571429
0.8
0.947368421053
0.736842105263
0.333333333333
0.588235294118
0.615384615385
0.2
0.695652173913
0.0909090909091
0.857142857143
0.466666666667
0.117647058824
0.0952380952381
0.352941176471
0.421052631579
0.666666666667
0.823529411765
0.9
0.230769230769
0.625
0.571428571429
0.631578947368
0.909090909091
0.8
0.210526315789
0.4
0.307692307692
0.8
0.933333333333
0.315789473684
0.88
0.923076923077
0.875
0.571428571429
0.769230769231
0.777777777778
0.0869565217391
0.285714285714
0.5
0.4
0.695652173913
1.0
0.0952380952381
0.5
0.666666666667
0.857142857143
0.538461538462
0.181818181818
0.666666666667
0.173913043478
0.941176470588
0.588235294118
0.181818181818
0.533333333333
0.666666666667
0.47619047619
0.526315789474
0.684210526316
0.714285714286
0.857142857143
0.461538461538
0.3
0.190476190476
0.4
0.782608695652
0.833333333333
0.761904761905
0.761904761905
0.8
0.615384615385
0.769230769231
0.5
0.857142857143
0.5
0.818181818182
0.615384615385
0.47619047619
0.526315789474
0.347826086957
1.0
0.545454545455
0.842105263158
0.615384615385
0.307692307692
1.0
0.260869565217
0.48
0.933333333333
0.307692307692
1.07692307692
0.933333333333
0.260869565217
0.736842105263
0.592592592593
0.555555555556
0.909090909091
0.705882352941
0.166666666667
0.4
0.571428571429
0.258064516129
0.823529411765
0.375
0.689655172414
0.933333333333
0.7
0.857142857143
0.823529411765
0.421052631579
0.444444444444
0.3
0.705882352941
0.4
1.17647058824
0.8
0.8
0.347826086957
0.266666666667
0.666666666667
0.235294117647
0.190476190476
1.0
0.4
0.533333333333
0.461538461538
0.230769230769
0.153846153846
0.230769230769
1.0
0.428571428571
0.857142857143
0.823529411765
0.421052631579
0.8
0.533333333333
0.933333333333
0.47619047619
1.07692307692
0.583333333333
0.777777777778
0.380952380952
0.888888888889
0.823529411765
0.315789473684
0.375
0.117647058824
0.769230769231
0.857142857143
0.2
0.4
0.380952380952
0.24
0.736842105263
0.166666666667
0.8
0.933333333333
0.294117647059
0.636363636364
0.545454545455
0.58064516129
0.375
0.47619047619
0.857142857143
0.260869565217
0.896551724138
0.461538461538
0.695652173913
0.615384615385
0.0909090909091
0.526315789474
0.421052631579
0.526315789474
0.8
0.571428571429
0.666666666667
0.785714285714
0.210526315789
0.615384615385
0.0952380952381
0.714285714286
0.666666666667
0.421052631579
1.04347826087
0.533333333333
0.75
0.3125
0.363636363636
0.625
0.416666666667
0.571428571429
0.705882352941
0.714285714286
0.947368421053
0.352941176471
0.428571428571
0.307692307692
0.56
0.533333333333
0.434782608696
0.315789473684
0.32
1.05263157895
0.875
0.588235294118
0.434782608696
0.583333333333
0.5
0.454545454545
0.444444444444
0.266666666667
0.75
0.869565217391
0.4
1.07692307692
0.526315789474
0.428571428571
0.782608695652
0.608695652174
0.363636363636
0.428571428571
0.727272727273
0.555555555556
0.833333333333
0.666666666667
0.206896551724
0.769230769231
0.75
0.75
0.375
0.181818181818
1.05263157895
0.695652173913
0.588235294118
0.105263157895
0.842105263158
0.307692307692
0.866666666667
0.727272727273
0.947368421053
0.631578947368
0.545454545455
1.14285714286
0.666666666667
0.842105263158
0.571428571429
0.583333333333
0.571428571429
0.555555555556
0.0952380952381
1.0
0.8
0.75
0.631578947368
0.818181818182
0.266666666667
0.947368421053
0.583333333333
0.444444444444
0.214285714286
0.526315789474
0.521739130435
0.95652173913
0.454545454545
0.555555555556
0.347826086957
0.235294117647
1.0
0.434782608696
0.8
0.615384615385
0.260869565217
0.777777777778
0.521739130435
0.521739130435
0.533333333333
0.1
0.235294117647
0.588235294118
0.842105263158
0.173913043478
0.941176470588
0.833333333333
0.888888888889
0.333333333333
0.75
1.16666666667
1.14285714286
0.714285714286
0.8
0.571428571429
0.526315789474
0.08
0.705882352941
0.666666666667
0.666666666667
0.736842105263
0.666666666667
0.5
0.454545454545
0.736842105263
0.666666666667
0.625
0.416666666667
0.666666666667
0.615384615385
0.454545454545
0.818181818182
0.923076923077
0.761904761905
0.48
0.363636363636
0.75
0.333333333333
0.6
0.933333333333
0.7
0.260869565217
0.272727272727
0.8
0.833333333333
0.75
0.272727272727
0.666666666667
0.285714285714
0.526315789474
0.736842105263
0.846153846154
0.47619047619
0.588235294118
0.933333333333
0.56
0.842105263158
0.545454545455
0.777777777778
0.47619047619
0.923076923077
0.413793103448
0.8
0.166666666667
0.875
0.16
0.714285714286
0.521739130435
0.363636363636
0.714285714286
0.526315789474
0.6
0.588235294118
0.518518518519
0.533333333333
0.363636363636
0.285714285714
0.818181818182
0.413793103448
0.608695652174
0.285714285714
0.64
0.5
0.923076923077
0.222222222222
0.230769230769
0.736842105263
0.117647058824
0.9375
1.0
0.4
0.857142857143
0.266666666667
0.142857142857
0.857142857143
0.416666666667
0.782608695652
0.8
0.9
0.666666666667
0.888888888889
0.592592592593
0.454545454545
0.307692307692
0.352941176471
0.666666666667
0.769230769231
0.421052631579
0.5
0.214285714286
0.888888888889
0.588235294118
0.923076923077
0.933333333333
0.521739130435
0.769230769231
0.266666666667
0.260869565217
0.888888888889
0.380952380952
0.428571428571
0.538461538462
0.952380952381
0.714285714286
0.666666666667
0.470588235294
0.666666666667
0.454545454545
0.846153846154
0.545454545455
0.782608695652
0.296296296296
0.48
0.25
0.571428571429
0.72
0.777777777778
0.875
0.434782608696
0.533333333333
0.533333333333
0.47619047619
0.555555555556
0.714285714286
0.333333333333
0.769230769231
0.666666666667
0.266666666667
0.5
0.833333333333
0.285714285714
0.727272727273
0.272727272727
0.3
0.8
0.869565217391
0.583333333333
0.842105263158
0.4
0.666666666667
0.8
0.631578947368
0.909090909091
0.75
0.333333333333
0.666666666667
0.105263157895
0.666666666667
0.857142857143
0.571428571429
0.285714285714
0.857142857143
0.8
0.344827586207
0.6
0.380952380952
0.705882352941
0.761904761905
0.933333333333
0.761904761905
0.782608695652
0.421052631579
0.695652173913
0.4
0.5
0.7
0.5
0.64
0.111111111111
0.347826086957
0.190476190476
0.307692307692
0.56
0.842105263158
0.615384615385
0.7
0.434782608696
1.0
0.413793103448
