0.3
0.714285714286
1.0
0.0
0.222222222222
0.363636363636
1.0625
0.533333333333
0.166666666667
0.615384615385
0.444444444444
0.625
0.4
0.142857142857
-1
0.625
0.875
0.833333333333
0.470588235294
0.941176470588
0.428571428571
0.181818181818
0.571428571429
0.823529411765
0.428571428571
0.933333333333
0.823529411765
0.142857142857
0.153846153846
0.470588235294
-1
0.526315789474
0.533333333333
0.352941176471
0.133333333333
0.6
0.8
0.555555555556
0.461538461538
0.75
0.5
0.705882352941
0.857142857143
-1
0.736842105263
0.333333333333
0.153846153846
0.461538461538
0.285714285714
0.933333333333
0.7
0.352941176471
0.6
0.625
0.8
1.0
0.25
0.666666666667
0.571428571429
0.714285714286
0.190476190476
-1
0.461538461538
0.307692307692
0.0
-1
0.819672131148
0.375
0.181818181818
0.380952380952
0.125
0.705882352941
0.5
0.8
0.153846153846
0.352941176471
1.0
0.615384615385
0.666666666667
0.533333333333
0.375
0.380952380952
0.909090909091
0.444444444444
0.714285714286
0.8
0.823529411765
0.181818181818
0.625
0.285714285714
0.2
0.705882352941
0.714285714286
0.222222222222
0.833333333333
0.4
0.615384615385
0.461538461538
0.588235294118
0.545454545455
0.631578947368
0.125
0.375
0.666666666667
0.571428571429
0.875
0.25
0.857142857143
0.545454545455
0.777777777778
0.75
0.5
0.0
0.307692307692
0.923076923077
0.625
0.461538461538
0.142857142857
0.875
0.555555555556
0.5
0.352941176471
0.833333333333
0.307692307692
0.769230769231
0.941176470588
0.333333333333
0.111111111111
0.545454545455
0.461538461538
0.526315789474
0.142857142857
0.833333333333
0.666666666667
0.823529411765
0.428571428571
0.615384615385
0.615384615385
-1
0.8
0.470588235294
0.666666666667
0.909090909091
1.0
0.833333333333
0.545454545455
0.545454545455
0.25
0.533333333333
0.5
0.266666666667
0.0
0.0
0.4
0.736842105263
0.315789473684
0.736842105263
0.375
0.666666666667
0.833333333333
1.08333333333
0.5
0.375
0.533333333333
0.75
0.8
0.75
0.888888888889
0.714285714286
0.75
0.125
0.947368421053
0.8
0.285714285714
0.444444444444
0.142857142857
0.5
0.153846153846
0.266666666667
0.461538461538
0.0
0.133333333333
-1
0.714285714286
0.222222222222
0.117647058824
0.5
0.333333333333
0.0
0.8
0.461538461538
0.153846153846
0.421052631579
0.571428571429
0.823529411765
0.4
0.461538461538
0.8
0.714285714286
0.761904761905
0.421052631579
0.555555555556
0.363636363636
0.571428571429
0.117647058824
0.235294117647
0.615384615385
0.666666666667
0.142857142857
0.421052631579
0.307692307692
0.0
0.666666666667
0.0
0.461538461538
0.5
0.533333333333
0.571428571429
0.666666666667
0.666666666667
0.833333333333
0.461538461538
0.421052631579
0.461538461538
0.363636363636
0.666666666667
0.428571428571
0.615384615385
0.142857142857
0.363636363636
0.846153846154
0.470588235294
0.333333333333
0.75
0.333333333333
0.125
0.533333333333
0.444444444444
0.5
0.533333333333
0.777777777778
0.875
0.285714285714
0.625
0.266666666667
0.823529411765
0.625
0.8
0.153846153846
0.428571428571
0.5
0.545454545455
0.761904761905
0.631578947368
0.166666666667
0.133333333333
0.285714285714
0.461538461538
0.666666666667
0.0
0.2
0.833333333333
0.545454545455
0.533333333333
0.266666666667
0.631578947368
0.8
0.3
0.125
0.571428571429
0.5
-1
0.166666666667
0.0
0.3
0.571428571429
0.875
0.941176470588
0.666666666667
0.923076923077
0.210526315789
0.875
0.2
1.0
0.125
0.714285714286
0.833333333333
0.428571428571
0.615384615385
0.666666666667
0.2
0.4
0.428571428571
0.782608695652
0.8
0.625
0.352941176471
0.833333333333
0.125
0.695652173913
-1
0.5
0.352941176471
1.08
0.4
-1
0.363636363636
0.3
0.142857142857
0.315789473684
0.222222222222
0.375
0.647058823529
0.307692307692
0.125
0.0
0.615384615385
0.6
0.5
0.666666666667
1.0
0.533333333333
0.307692307692
0.666666666667
0.133333333333
0.615384615385
0.888888888889
0.714285714286
0.461538461538
0.0
0.375
0.230769230769
0.875
0.142857142857
0.714285714286
0.555555555556
0.777777777778
0.235294117647
0.153846153846
0.666666666667
0.823529411765
0.421052631579
0.705882352941
0.769230769231
0.571428571429
0.833333333333
0.375
0.8
0.470588235294
0.333333333333
-1
0.363636363636
-1
0.736842105263
-1
0.461538461538
0.307692307692
0.153846153846
-1
0.916666666667
0.428571428571
0.777777777778
0.588235294118
0.666666666667
0.307692307692
0.625
0.727272727273
0.5
0.769230769231
0.555555555556
0.714285714286
0.3
0.923076923077
0.888888888889
-1
0.470588235294
0.8
0.571428571429
0.6
0.117647058824
0.352941176471
0.666666666667
0.666666666667
0.75
0.285714285714
0.428571428571
0.8
0.428571428571
0.666666666667
0.705882352941
0.444444444444
0.833333333333
0.625
0.75
0.769230769231
0.166666666667
0.266666666667
0.285714285714
0.5
0.181818181818
0.5
0.842105263158
0.533333333333
0.5
0.823529411765
0.666666666667
0.285714285714
0.533333333333
0.222222222222
0.380952380952
0.266666666667
0.25
0.315789473684
0.375
0.8
0.533333333333
0.461538461538
0.727272727273
0.285714285714
0.222222222222
0.615384615385
0.923076923077
0.5
0.5
0.888888888889
0.25
0.8
0.615384615385
0.7
-1
0.4
0.727272727273
0.352941176471
0.375
0.75
-1
0.2
1.0
0.857142857143
0.235294117647
0.461538461538
0.777777777778
0.642857142857
0.307692307692
0.0
0.8
0.875
0.666666666667
0.153846153846
0.363636363636
0.533333333333
0.0
0.25
0.470588235294
0.4
0.125
0.0
0.75
0.0
0.933333333333
0.615384615385
0.615384615385
0.375
0.8
0.266666666667
0.777777777778
0.4
0.133333333333
0.190476190476
0.461538461538
0.117647058824
0.222222222222
0.363636363636
0.823529411765
0.6
0.1
0.461538461538
0.0
0.545454545455
0.75
0.333333333333
0.0
0.769230769231
0.285714285714
0.666666666667
0.8
0.2
0.666666666667
0.8
0.857142857143
0.666666666667
0.8
0.285714285714
0.4
0.285714285714
0.421052631579
0.666666666667
0.266666666667
0.823529411765
0.8
0.823529411765
0.857142857143
0.666666666667
0.571428571429
0.631578947368
0.352941176471
0.769230769231
0.833333333333
0.875
0.0
0.857142857143
0.818181818182
0.666666666667
0.8
0.888888888889
0.571428571429
0.727272727273
0.8
0.181818181818
0.266666666667
0.333333333333
0.533333333333
0.285714285714
0.0
0.0
0.533333333333
0.588235294118
0.4
0.222222222222
0.25
0.0
0.666666666667
0.173913043478
0.631578947368
0.8
0.888888888889
0.8
0.636363636364
0.133333333333
-1
0.5
0.266666666667
0.470588235294
0.666666666667
0.307692307692
0.8
0.421052631579
0.142857142857
0.666666666667
0.722222222222
0.181818181818
0.615384615385
0.705882352941
0.666666666667
0.533333333333
0.8
0.352941176471
0.533333333333
0.307692307692
-1
0.642857142857
0.5
0.75
0.923076923077
0.5
0.461538461538
0.769230769231
0.125
0.125
0.375
0.363636363636
-1
-1
0.625
0.8
0.25
0.727272727273
1.0
0.875
0.833333333333
0.588235294118
0.666666666667
0.235294117647
0.461538461538
0.8
0.470588235294
0.0
0.166666666667
0.5
0.3
0.875
0.333333333333
0.0
0.5
0.545454545455
0.923076923077
0.727272727273
0.75
0.352941176471
0.153846153846
0.769230769231
-1
0.444444444444
1.0
0.0
0.588235294118
0.6
0.736842105263
0.380952380952
0.923076923077
0.833333333333
0.909090909091
0.428571428571
0.857142857143
0.75
0.75
0.545454545455
0.266666666667
0.666666666667
0.153846153846
0.909090909091
0.307692307692
0.363636363636
0.533333333333
0.833333333333
0.461538461538
0.142857142857
0.25
0.75
0.666666666667
0.5
0.666666666667
0.266666666667
0.823529411765
0.571428571429
1.0
0.888888888889
0.235294117647
0.4
0.727272727273
0.533333333333
0.461538461538
0.4
0.875
0.714285714286
1.0
0.153846153846
0.0
0.666666666667
0.714285714286
0.125
0.625
0.133333333333
0.888888888889
0.666666666667
0.857142857143
0.25
0.315789473684
0.352941176471
0.307692307692
0.533333333333
0.25
0.526315789474
0.615384615385
0.705882352941
0.363636363636
0.2
0.461538461538
0.153846153846
0.5
0.4
0.461538461538
0.4
0.307692307692
0.857142857143
0.4
0.761904761905
0.8
0.333333333333
0.533333333333
0.142857142857
0.666666666667
0.714285714286
0.666666666667
1.0
0.833333333333
0.857142857143
0.307692307692
0.923076923077
0.695652173913
0.333333333333
0.777777777778
0.4
0.8
0.0
0.47619047619
0.823529411765
0.769230769231
0.363636363636
0.695652173913
0.777777777778
0.153846153846
0.571428571429
0.615384615385
0.222222222222
1.0
0.705882352941
0.666666666667
0.526315789474
0.428571428571
1.0
1.0
0.25
0.333333333333
-1
0.2
0.588235294118
0.8
1.0
0.352941176471
0.769230769231
0.125
0.846153846154
0.823529411765
0.857142857143
0.769230769231
0.333333333333
0.727272727273
0.777777777778
0.75
0.428571428571
0.352941176471
0.0
0.0909090909091
0.857142857143
0.666666666667
0.461538461538
0.75
0.0
0.666666666667
0.222222222222
0.933333333333
0.285714285714
0.428571428571
0.75
0.307692307692
0.666666666667
0.8
0.142857142857
0.428571428571
