0.72
0.912280701754
0.153846153846
0.769230769231
0.6
0.615384615385
0.833333333333
0.888888888889
0.923076923077
0.705882352941
0.914285714286
0.666666666667
0.652173913043
0.857142857143
0.769230769231
0.823529411765
0.410256410256
0.434782608696
0.8
0.625
0.615384615385
0.727272727273
0.851063829787
0.75
0.0909090909091
0.714285714286
-1
-1
0.347826086957
0.666666666667
0.947368421053
0.625
0.526315789474
0.733333333333
0.953846153846
0.292682926829
0.6
0.461538461538
0.7
0.6
0.666666666667
0.444444444444
0.571428571429
0.813559322034
0.4
0.756756756757
0.555555555556
0.347826086957
0.566666666667
0.736842105263
0.296296296296
0.538461538462
0.615384615385
0.6875
0.333333333333
0.162162162162
0.444444444444
0.64
0.444444444444
0.47619047619
0.0833333333333
0.8
0.0625
0.631578947368
0.0526315789474
0.666666666667
0.588235294118
0.571428571429
0.363636363636
0.142857142857
0.625
0.666666666667
0.511627906977
0.411764705882
0.375
0.666666666667
0.272727272727
0.230769230769
0.714285714286
0.64
0.121212121212
1.2380952381
0.538461538462
0.181818181818
0.4
0.235294117647
0.521739130435
0.2
0.307692307692
0.611111111111
0.666666666667
0.466666666667
0.461538461538
0.620689655172
0.6
0.8
0.111111111111
0.390243902439
0.461538461538
0.709677419355
0.466666666667
0.58064516129
0.133333333333
0.8
0.216216216216
0.75
0.631578947368
0.5
-1
0.1875
0.266666666667
0.222222222222
0.461538461538
0.137931034483
0.114285714286
0.0
0.235294117647
0.454545454545
0.315789473684
0.307692307692
0.142857142857
0.210526315789
0.355555555556
0.285714285714
0.111111111111
0.263157894737
0.142857142857
0.30303030303
0.157894736842
0.266666666667
0.136363636364
0.125
0.588235294118
0.333333333333
0.333333333333
0.181818181818
0.275862068966
0.255319148936
0.176470588235
0.186046511628
0.117647058824
0.0571428571429
0.105263157895
0.0952380952381
0.190476190476
0.222222222222
-1
0.0
0.37037037037
0.142857142857
0.275862068966
0.326530612245
0.117647058824
0.177777777778
0.0
0.25641025641
0.0869565217391
0.285714285714
0.0
0.176470588235
0.0769230769231
-1
0.25
0.0512820512821
0.206896551724
0.142857142857
0.0689655172414
0.136363636364
0.461538461538
0.210526315789
0.157894736842
0.0833333333333
0.0526315789474
0.380952380952
0.0
0.275862068966
0.0869565217391
-1
0.129032258065
0.25
0.344827586207
0.222222222222
0.260869565217
0.231884057971
0.260869565217
0.0689655172414
0.173913043478
0.266666666667
0.307692307692
0.4375
0.216216216216
0.2
0.196078431373
0.275862068966
0.344827586207
0.166666666667
0.171428571429
0.133333333333
0.235294117647
0.242424242424
0.235294117647
0.0
0.133333333333
0.190476190476
0.333333333333
0.418604651163
0.428571428571
-1
-1
0.5
0.0689655172414
0.421052631579
0.190476190476
0.130434782609
0.266666666667
0.0416666666667
0.2
0.0909090909091
0.0
0.105263157895
0.242424242424
0.0869565217391
0.181818181818
0.105263157895
0.235294117647
0.357142857143
0.0833333333333
0.0606060606061
0.181818181818
0.228571428571
0.533333333333
0.181818181818
0.181818181818
0.333333333333
0.0714285714286
0.212765957447
0.0666666666667
0.275862068966
0.181818181818
0.655737704918
0.0666666666667
0.214285714286
0.4
0.307692307692
0.222222222222
0.307692307692
0.470588235294
0.173913043478
0.555555555556
0.125
0.178571428571
0.324324324324
0.3
-1
-1
0.142857142857
0.222222222222
0.173913043478
0.263157894737
0.0606060606061
0.111111111111
0.153846153846
0.260869565217
0.0833333333333
0.171428571429
0.0833333333333
0.0689655172414
0.206896551724
0.47619047619
0.0444444444444
0.235294117647
0.16
0.0
0.380952380952
0.047619047619
0.222222222222
0.0952380952381
0.296296296296
0.133333333333
0.307692307692
0.24
0.162162162162
0.5
0.105263157895
0.176470588235
0.384615384615
0.235294117647
0.230769230769
0.5
0.206896551724
0.0512820512821
0.413793103448
0.142857142857
0.0
0.111111111111
0.0952380952381
0.190476190476
0.37037037037
0.0952380952381
0.25
0.153846153846
0.1
0.4
0.545454545455
0.409090909091
0.242424242424
0.454545454545
0.5
0.148148148148
0.266666666667
0.357142857143
0.454545454545
0.153846153846
0.210526315789
0.486486486486
0.222222222222
0.24
0.307692307692
0.5
0.133333333333
0.444444444444
0.0833333333333
0.0588235294118
0.31746031746
0.117647058824
0.1875
0.473684210526
0.24
0.243902439024
0.0
0.352941176471
0.307692307692
0.347826086957
0.391304347826
0.333333333333
0.093023255814
0.181818181818
0.111111111111
0.315789473684
0.529411764706
0.181818181818
0.1
0.105263157895
0.1
0.142857142857
0.181818181818
0.324324324324
0.166666666667
0.0666666666667
0.0952380952381
0.307692307692
0.181818181818
0.2
0.25641025641
0.37037037037
0.4
0.0
-1
-1
0.30303030303
0.142857142857
0.456790123457
0.166666666667
0.166666666667
0.105263157895
0.228571428571
0.3125
0.333333333333
-1
0.210526315789
0.166666666667
0.0588235294118
0.111111111111
0.125
0.5
