0.222222222222
0.380952380952
0.8
0.0
0.777777777778
0.5
0.4
1.04761904762
0.571428571429
0.571428571429
0.769230769231
0.352941176471
0.615384615385
0.454545454545
0.266666666667
0.2
0.0
0.315789473684
0.833333333333
0.952380952381
0.0
0.962962962963
0.272727272727
0.615384615385
0.47619047619
0.285714285714
0.0
0.615384615385
0.576923076923
0.777777777778
0.545454545455
0.631578947368
0.6
0.117647058824
0.25
0.666666666667
0.285714285714
0.777777777778
0.181818181818
0.533333333333
0.75
0.0833333333333
0.608695652174
0.846153846154
0.666666666667
0.47619047619
0.9
1.0
0.230769230769
0.5
0.0
1.04347826087
0.769230769231
0.235294117647
0.9
0.761904761905
0.58064516129
0.857142857143
0.5
0.5
1.0
0.933333333333
0.470588235294
0.315789473684
0.875
0.235294117647
0.0
0.875
0.315789473684
0.454545454545
0.869565217391
0.4
0.588235294118
0.416666666667
0.666666666667
0.705882352941
0.444444444444
0.125
0.5
0.1
0.888888888889
0.758620689655
0.4
0.0
0.166666666667
0.625
0.941176470588
0.538461538462
0.571428571429
0.142857142857
0.454545454545
0.533333333333
0.210526315789
0.315789473684
0.526315789474
0.8
0.714285714286
0.666666666667
0.625
0.709677419355
0.105263157895
0.533333333333
0.0
0.666666666667
0.0
0.615384615385
0.470588235294
0.347826086957
0.0
0.928571428571
0.736842105263
0.333333333333
0.333333333333
0.538461538462
0.758620689655
1.05263157895
0.714285714286
0.173913043478
0.875
0.947368421053
0.444444444444
0.25
0.6
0.375
0.666666666667
0.823529411765
0.333333333333
0.88
0.5
0.333333333333
0.75
0.4
0.105263157895
0.0
0.736842105263
0.823529411765
0.521739130435
0.64
0.727272727273
0.4
0.545454545455
0.923076923077
0.941176470588
0.571428571429
0.608695652174
1.0
0.95652173913
1.0
0.625
0.666666666667
0.0
0.235294117647
0.777777777778
0.32
0.521739130435
0.8
0.6
0.142857142857
0.210526315789
0.846153846154
0.875
0.285714285714
1.125
0.6
0.117647058824
1.0
0.666666666667
0.0
0.333333333333
0.857142857143
0.4
0.4
0.181818181818
0.588235294118
0.454545454545
0.551724137931
0.846153846154
0.631578947368
0.0
0.545454545455
0.857142857143
0.758620689655
0.380952380952
0.777777777778
0.588235294118
0.117647058824
0.434782608696
0.941176470588
0.434782608696
0.736842105263
0.5
0.869565217391
0.421052631579
1.0
0.777777777778
0.909090909091
0.842105263158
0.181818181818
0.933333333333
0.142857142857
0.333333333333
0.545454545455
0.428571428571
0.75
0.666666666667
0.818181818182
0.666666666667
0.833333333333
0.222222222222
0.5
0.235294117647
0.666666666667
0.631578947368
0.909090909091
0.363636363636
0.266666666667
0.0
0.0
0.470588235294
0.666666666667
0.769230769231
0.521739130435
0.210526315789
0.461538461538
0.842105263158
0.434782608696
0.210526315789
0.428571428571
0.857142857143
0.0
0.777777777778
0.0
0.428571428571
0.88
0.363636363636
0.941176470588
0.285714285714
0.166666666667
0.444444444444
0.285714285714
0.413793103448
0.545454545455
0.434782608696
0.363636363636
0.8
0.736842105263
0.47619047619
0.777777777778
0.941176470588
0.75
0.625
0.166666666667
0.777777777778
0.666666666667
0.333333333333
0.307692307692
0.923076923077
0.533333333333
0.307692307692
0.727272727273
0.0
0.0
0.0
0.416666666667
0.56
0.0
0.454545454545
0.818181818182
0.5
0.88
0.0
0.96
0.8125
0.823529411765
0.461538461538
1.125
0.909090909091
0.0
0.833333333333
0.947368421053
0.5
0.173913043478
0.666666666667
0.0
0.666666666667
0.117647058824
0.866666666667
0.833333333333
0.2
0.461538461538
0.266666666667
0.705882352941
0.266666666667
0.222222222222
0.827586206897
0.545454545455
0.434782608696
0.266666666667
0.307692307692
0.380952380952
0.285714285714
0.25
1.09090909091
0.0909090909091
0.32
0.827586206897
0.75
0.222222222222
0.526315789474
0.375
0.125
0.260869565217
0.869565217391
0.363636363636
0.409090909091
0.857142857143
0.0
0.4
0.631578947368
0.631578947368
0.272727272727
0.7
0.714285714286
0.8
0.620689655172
0.421052631579
0.714285714286
0.7
0.740740740741
0.714285714286
0.470588235294
0.571428571429
0.0
0.533333333333
0.521739130435
0.5
0.0
0.347826086957
0.869565217391
0.695652173913
0.777777777778
0.8
0.909090909091
0.625
0.6
0.428571428571
1.0
0.75
0.933333333333
0.88
0.526315789474
0.4
0.222222222222
0.888888888889
0.0909090909091
0.5
0.24
0.466666666667
0.666666666667
0.6
0.666666666667
0.421052631579
0.814814814815
0.105263157895
0.470588235294
0.941176470588
0.105263157895
0.869565217391
0.518518518519
0.416666666667
0.266666666667
0.266666666667
0.545454545455
0.5
1.0
0.210526315789
0.545454545455
0.230769230769
0.0869565217391
0.545454545455
0.0
0.0869565217391
0.666666666667
1.0
0.0
0.571428571429
0.631578947368
0.740740740741
0.666666666667
0.272727272727
0.631578947368
0.705882352941
0.421052631579
0.111111111111
0.818181818182
0.888888888889
0.421052631579
0.0
0.384615384615
0.533333333333
0.25
0.380952380952
0.695652173913
0.0
0.5
0.857142857143
0.333333333333
0.714285714286
0.266666666667
0.133333333333
0.0
0.625
0.941176470588
0.461538461538
0.941176470588
0.285714285714
0.285714285714
0.714285714286
0.285714285714
0.571428571429
0.636363636364
0.8
0.9
0.333333333333
0.909090909091
0.181818181818
0.260869565217
0.4
0.785714285714
0.173913043478
0.222222222222
0.47619047619
0.4
0.666666666667
0.285714285714
0.545454545455
0.166666666667
0.666666666667
0.307692307692
0.173913043478
0.222222222222
0.0869565217391
1.04
0.666666666667
0.0
0.461538461538
0.56
0.0
0.571428571429
0.375
0.0
0.777777777778
1.0
0.148148148148
0.363636363636
0.25
0.692307692308
0.888888888889
0.916666666667
0.869565217391
0.333333333333
0.782608695652
0.173913043478
0.4
0.117647058824
0.142857142857
0.7
0.6
0.869565217391
0.0
0.387096774194
0.952380952381
0.0
0.896551724138
0.375
0.380952380952
0.347826086957
0.210526315789
0.222222222222
0.190476190476
0.25
0.285714285714
0.444444444444
0.363636363636
0.875
0.56
0.952380952381
0.235294117647
0.173913043478
0.933333333333
0.0
0.454545454545
0.266666666667
0.5
0.761904761905
0.7
0.666666666667
0.818181818182
0.421052631579
0.461538461538
0.32
0.210526315789
0.857142857143
0.266666666667
0.5
0.4
0.421052631579
1.04761904762
0.692307692308
0.782608695652
0.0
0.636363636364
0.0833333333333
0.08
0.16
0.190476190476
0.875
0.636363636364
0.142857142857
0.518518518519
0.285714285714
0.714285714286
0.347826086957
0.47619047619
0.8
0.818181818182
0.266666666667
0.25
0.166666666667
0.571428571429
0.72
0.375
0.411764705882
0.47619047619
0.416666666667
0.846153846154
0.0
0.533333333333
0.538461538462
0.444444444444
0.375
0.823529411765
0.857142857143
0.4
0.210526315789
0.695652173913
0.375
0.0769230769231
0.64
0.275862068966
0.153846153846
0.5625
0.533333333333
0.5
0.875
0.631578947368
0.375
1.0
0.75
0.173913043478
0.4
0.666666666667
0.0869565217391
0.416666666667
0.0
0.125
0.210526315789
0.0
0.444444444444
0.666666666667
0.608695652174
0.181818181818
0.173913043478
0.631578947368
0.823529411765
0.235294117647
0.705882352941
0.24
0.47619047619
0.222222222222
0.8
0.8
0.380952380952
0.105263157895
0.5
0.96
0.333333333333
0.526315789474
0.0
0.714285714286
0.777777777778
0.190476190476
0.47619047619
0.933333333333
0.117647058824
0.875
0.8
0.714285714286
0.8
0.148148148148
0.4
0.285714285714
0.428571428571
0.533333333333
0.470588235294
0.666666666667
0.235294117647
0.333333333333
0.952380952381
0.235294117647
0.181818181818
0.75
0.592592592593
0.375
0.833333333333
0.434782608696
0.5
0.521739130435
0.96
0.47619047619
0.25
0.266666666667
0.833333333333
0.0
0.363636363636
0.0
0.307692307692
0.0
0.777777777778
0.133333333333
0.714285714286
0.88
0.0
0.307692307692
0.0
0.857142857143
0.0
0.625
1.0
0.285714285714
0.636363636364
0.363636363636
0.428571428571
0.352941176471
0.272727272727
0.875
0.235294117647
0.923076923077
0.875
0.545454545455
0.933333333333
0.384615384615
0.869565217391
0.2
0.588235294118
0.380952380952
0.470588235294
0.4
0.555555555556
0.190476190476
0.833333333333
0.952380952381
0.375
0.888888888889
0.125
0.181818181818
0.2
0.173913043478
0.434782608696
0.384615384615
0.2
1.0
0.0
0.2
0.5
0.769230769231
0.5
0.571428571429
0.758620689655
0.25
0.315789473684
0.5
0.75
0.352941176471
0.0
0.5
0.526315789474
0.133333333333
0.782608695652
0.285714285714
0.4
0.58064516129
0.857142857143
0.866666666667
0.833333333333
0.533333333333
0.666666666667
0.1
0.666666666667
0.315789473684
0.454545454545
0.782608695652
0.869565217391
0.48
0.1
0.592592592593
0.666666666667
0.5
0.222222222222
0.210526315789
0.4
0.857142857143
0.608695652174
0.6
0.125
0.111111111111
0.75
0.947368421053
0.142857142857
0.75
0.526315789474
0.923076923077
0.9
0.666666666667
0.869565217391
0.533333333333
0.533333333333
0.0
0.08
0.818181818182
0.25
0.375
0.375
0.631578947368
0.631578947368
0.444444444444
0.0952380952381
0.736842105263
0.545454545455
0.32
0.428571428571
0.285714285714
0.1875
0.260869565217
0.210526315789
0.827586206897
0.769230769231
0.827586206897
0.25
0.666666666667
