0.888888888889
0.4
0.769230769231
0.666666666667
0.875
0.666666666667
0.222222222222
0.625
0.6
0.545454545455
0.75
0.857142857143
0.555555555556
0.545454545455
0.857142857143
0.923076923077
0.733333333333
0.666666666667
0.4
0.4
0.8
0.375
0.769230769231
0.777777777778
0.375
0.75
0.266666666667
0.8
0.111111111111
0.666666666667
0.909090909091
-1
0.363636363636
0.833333333333
0.857142857143
0.533333333333
0.75
0.666666666667
0.4
-1
0.857142857143
-1
0.6
1.0
0.5
0.636363636364
0.842105263158
0.352941176471
0.916666666667
0.666666666667
0.625
0.823529411765
0.434782608696
0.933333333333
0.533333333333
0.875
0.333333333333
0.230769230769
0.666666666667
0.333333333333
0.470588235294
0.615384615385
0.461538461538
0.714285714286
0.727272727273
0.727272727273
0.705882352941
0.352941176471
0.470588235294
0.461538461538
0.75
0.923076923077
1.0
0.705882352941
0.375
0.545454545455
0.555555555556
0.6
0.727272727273
0.428571428571
0.307692307692
0.625
0.125
0.5
0.125
0.333333333333
0.461538461538
0.666666666667
0.666666666667
0.352941176471
0.6
0.235294117647
0.111111111111
0.615384615385
0.823529411765
0.363636363636
0.533333333333
0.545454545455
0.307692307692
0.666666666667
0.363636363636
0.375
0.153846153846
0.352941176471
0.444444444444
0.823529411765
0.272727272727
0.736842105263
0.222222222222
0.714285714286
0.736842105263
0.833333333333
0.666666666667
0.333333333333
0.181818181818
0.5
0.266666666667
0.375
0.666666666667
0.838709677419
0.363636363636
0.666666666667
0.533333333333
0.125
0.642857142857
0.833333333333
-1
1.05263157895
0.8
0.692307692308
0.8
0.117647058824
0.4
0.5
0.181818181818
0.933333333333
0.8
0.588235294118
0.615384615385
1.0
0.133333333333
0.533333333333
0.75
0.25
0.714285714286
0.444444444444
0.615384615385
0.307692307692
0.472727272727
0.363636363636
0.6
0.666666666667
-1
0.153846153846
0.823529411765
-1
0.470588235294
0.666666666667
0.777777777778
0.727272727273
0.666666666667
0.75
0.444444444444
0.444444444444
1.0
0.8
0.714285714286
0.631578947368
0.551724137931
0.857142857143
0.526315789474
0.444444444444
0.333333333333
0.3
0.777777777778
0.307692307692
0.333333333333
0.5
0.588235294118
0.461538461538
0.625
0.181818181818
0.428571428571
0.352941176471
0.166666666667
0.842105263158
0.727272727273
0.5
0.588235294118
0.428571428571
0.909090909091
0.526315789474
0.555555555556
0.210526315789
0.545454545455
0.133333333333
0.5
0.6
0.631578947368
0.857142857143
0.352941176471
0.636363636364
0.6
0.5
0.75
0.727272727273
0.5
0.428571428571
0.333333333333
0.833333333333
0.75
0.8
0.666666666667
0.9
0.4
0.625
0.125
0.8
0.769230769231
0.833333333333
0.736842105263
0.142857142857
0.727272727273
0.111111111111
0.428571428571
0.833333333333
0.705882352941
0.5
0.571428571429
0.4
0.947368421053
0.8
0.705882352941
0.153846153846
0.470588235294
0.769230769231
0.0
0.5
0.545454545455
0.857142857143
0.470588235294
0.384615384615
0.615384615385
0.769230769231
0.4
0.8
0.222222222222
0.307692307692
0.6
0.470588235294
0.8
0.181818181818
0.571428571429
0.375
0.705882352941
0.8
0.6
0.933333333333
0.631578947368
0.625
0.333333333333
0.125
0.888888888889
0.727272727273
0.47619047619
0.705882352941
0.631578947368
0.153846153846
-1
0.666666666667
0.833333333333
0.133333333333
0.727272727273
0.7
0.666666666667
-1
0.333333333333
0.625
0.461538461538
0.8
0.25
1.0
0.571428571429
0.727272727273
0.857142857143
0.125
0.111111111111
0.769230769231
0.25
0.285714285714
0.875
0.461538461538
0.8
0.352941176471
0.4
0.0
0.375
0.705882352941
0.8
0.428571428571
0.666666666667
0.4
0.125
0.5
0.833333333333
0.823529411765
0.285714285714
0.727272727273
0.0
-1
0.933333333333
0.857142857143
0.833333333333
1.0
0.545454545455
0.428571428571
0.769230769231
0.166666666667
0.285714285714
0.5
0.8
0.545454545455
0.222222222222
0.25
-1
0.777777777778
0.5
0.352941176471
0.727272727273
0.588235294118
0.352941176471
0.315789473684
0.571428571429
0.571428571429
0.75
0.625
0.461538461538
0.3
0.266666666667
-1
0.153846153846
0.588235294118
0.9
0.352941176471
0.714285714286
0.75
0.470588235294
0.375
0.0
0.363636363636
0.615384615385
0.8
0.47619047619
0.944444444444
0.470588235294
0.285714285714
0.75
0.375
0.823529411765
0.727272727273
0.0
0.8
0.666666666667
0.421052631579
0.142857142857
0.727272727273
0.5
0.666666666667
0.235294117647
-1
0.5
0.521739130435
0.875
0.727272727273
0.75
0.4
0.375
0.75
0.272727272727
0.588235294118
0.666666666667
0.833333333333
0.4
0.727272727273
0.777777777778
0.571428571429
0.75
0.307692307692
0.533333333333
0.615384615385
0.933333333333
0.533333333333
0.571428571429
0.285714285714
0.857142857143
0.625
0.235294117647
0.736842105263
0.428571428571
0.625
0.666666666667
0.666666666667
0.666666666667
0.833333333333
0.615384615385
0.133333333333
0.8
-1
0.421052631579
0.631578947368
0.153846153846
0.857142857143
0.666666666667
0.666666666667
0.266666666667
0.545454545455
0.307692307692
0.454545454545
0.4
0.666666666667
0.142857142857
0.75
0.6
0.428571428571
0.666666666667
0.4
0.444444444444
0.666666666667
0.545454545455
0.5
0.588235294118
0.307692307692
0.75
0.166666666667
0.714285714286
0.352941176471
0.4
0.916666666667
0.235294117647
0.625
0.142857142857
1.0
0.375
0.5
0.6
0.923076923077
0.8
0.909090909091
0.222222222222
0.705882352941
0.5
-1
0.461538461538
0.307692307692
0.545454545455
0.105263157895
0.4
0.909090909091
0.533333333333
0.555555555556
0.823529411765
0.545454545455
0.769230769231
0.266666666667
0.666666666667
0.666666666667
0.4
0.285714285714
0.533333333333
0.352941176471
0.117647058824
0.5
0.4
0.588235294118
0.166666666667
0.666666666667
0.266666666667
0.266666666667
0.153846153846
0.823529411765
0.363636363636
0.0
0.25
0.769230769231
0.6
0.545454545455
0.615384615385
0.166666666667
0.875
0.875
0.6
0.8
0.714285714286
0.857142857143
0.315789473684
0.625
0.8
0.307692307692
0.5
0.8
0.588235294118
0.133333333333
0.588235294118
0.777777777778
0.933333333333
0.571428571429
0.666666666667
0.235294117647
0.941176470588
0.75
0.75
0.428571428571
0.666666666667
0.75
0.0
0.615384615385
0.588235294118
0.875
0.5
0.857142857143
0.5
0.4
0.615384615385
-1
0.307692307692
0.625
0.380952380952
0.4
0.533333333333
1.0
0.714285714286
0.47619047619
0.153846153846
0.4
0.777777777778
0.727272727273
0.8
0.888888888889
0.7
0.571428571429
0.842105263158
0.428571428571
0.933333333333
0.363636363636
0.705882352941
0.375
0.875
0.727272727273
0.714285714286
0.133333333333
0.823529411765
0.0
0.7
0.533333333333
0.631578947368
0.375
0.6
0.181818181818
-1
0.526315789474
0.210526315789
0.533333333333
0.666666666667
0.307692307692
0.608695652174
0.571428571429
0.125
0.266666666667
0.555555555556
0.833333333333
0.571428571429
-1
0.285714285714
0.888888888889
0.714285714286
0.5
0.4
0.714285714286
0.444444444444
-1
0.315789473684
0.153846153846
0.842105263158
0.769230769231
0.8
0.6
-1
0.222222222222
0.538461538462
0.571428571429
0.769230769231
0.666666666667
0.8
0.5
0.625
0.363636363636
0.909090909091
0.222222222222
-1
0.7
0.705882352941
0.857142857143
0.526315789474
0.133333333333
0.833333333333
0.761904761905
0.588235294118
0.571428571429
0.857142857143
0.625
0.666666666667
0.695652173913
0.190476190476
0.25
0.117647058824
0.875
0.666666666667
0.777777777778
0.125
0.461538461538
0.470588235294
0.833333333333
0.25
-1
0.727272727273
0.470588235294
-1
1.0
0.8
0.75
0.4
0.6
0.578947368421
0.470588235294
0.25
0.736842105263
0.857142857143
0.4
0.266666666667
0.769230769231
0.454545454545
0.181818181818
0.461538461538
0.705882352941
0.714285714286
0.909090909091
0.8
0.909090909091
0.315789473684
0.923076923077
0.272727272727
0.210526315789
0.25
0.555555555556
0.5
0.769230769231
0.736842105263
0.833333333333
0.8
0.6
0.75
0.777777777778
0.625
0.333333333333
0.666666666667
0.0
0.333333333333
0.833333333333
0.4
0.727272727273
0.5
0.428571428571
0.666666666667
0.909090909091
0.444444444444
0.133333333333
1.0
0.909090909091
0.545454545455
0.588235294118
0.769230769231
-1
0.588235294118
0.4
0.461538461538
0.125
0.4
0.666666666667
0.111111111111
0.666666666667
-1
0.727272727273
0.823529411765
0.666666666667
0.333333333333
0.8
0.0909090909091
0.444444444444
0.777777777778
0.714285714286
0.75
0.666666666667
0.222222222222
0.6
0.363636363636
0.0
0.695652173913
0.666666666667
0.857142857143
0.545454545455
0.5
0.571428571429
0.5
0.0
0.352941176471
0.714285714286
0.666666666667
0.7
0.833333333333
0.75
0.8
-1
0.666666666667
0.461538461538
0.307692307692
1.0
0.333333333333
0.142857142857
0.555555555556
0.461538461538
0.631578947368
0.666666666667
0.352941176471
0.588235294118
0.714285714286
0.571428571429
0.833333333333
0.333333333333
0.75
0.428571428571
0.375
0.833333333333
-1
0.266666666667
0.5
0.571428571429
0.333333333333
0.571428571429
0.8
0.625
