0.0
0.272727272727
0.466666666667
0.666666666667
0.75
0.206896551724
0.2
0.384615384615
0.307692307692
0.588235294118
0.08
0.461538461538
0.421052631579
0.758620689655
0.695652173913
0.0
-1
0.235294117647
0.736842105263
0.6
0.321428571429
0.3125
0.4
0.615384615385
0.933333333333
0.0714285714286
0.416666666667
0.5
0.608695652174
0.695652173913
0.333333333333
0.166666666667
0.5
0.636363636364
0.470588235294
0.0714285714286
0.433333333333
0.181818181818
0.8
0.761904761905
0.190476190476
0.210526315789
0.375
-1
0.636363636364
0.333333333333
-1
0.5
-1
-1
0.08
0.266666666667
0.56
0.48
0.620689655172
0.181818181818
0.296296296296
0.666666666667
0.666666666667
0.571428571429
0.0
0.461538461538
0.6
0.625
0.608695652174
0.0645161290323
0.235294117647
0.2
0.666666666667
0.642857142857
0.1875
0.4
0.285714285714
0.64
0.9
0.210526315789
0.344827586207
0.206896551724
0.571428571429
0.666666666667
0.0
0.117647058824
-1
0.764705882353
0.625
0.210526315789
0.133333333333
0.521739130435
0.533333333333
0.857142857143
0.0
0.0
0.4
-1
0.736842105263
0.0
0.416666666667
0.375
0.64
0.88
0.1
0.533333333333
0.307692307692
0.526315789474
0.714285714286
0.121212121212
0.214285714286
0.125
0.631578947368
0.631578947368
0.125
0.08
0.5
0.625
0.705882352941
0.0606060606061
0.0
0.375
-1
0.666666666667
0.125
0.571428571429
0.416666666667
0.533333333333
0.818181818182
0.0
0.380952380952
0.631578947368
0.5
0.666666666667
0.266666666667
0.307692307692
0.526315789474
0.761904761905
0.769230769231
0.142857142857
0.173913043478
0.642857142857
-1
0.526315789474
0.285714285714
0.210526315789
0.333333333333
0.631578947368
0.769230769231
0.0769230769231
0.37037037037
0.333333333333
0.72
-1
0.0
0.142857142857
0.444444444444
0.75
0.727272727273
0.0869565217391
0.285714285714
0.4
0.6
0.666666666667
0.25
0.230769230769
0.307692307692
0.625
0.7
0.0
0.444444444444
0.545454545455
0.555555555556
0.689655172414
0.0769230769231
0.0740740740741
0.222222222222
0.592592592593
0.608695652174
0.0
0.322580645161
0.5
0.5
0.631578947368
0.25
0.387096774194
-1
0.516129032258
-1
0.181818181818
0.315789473684
0.444444444444
0.583333333333
0.774193548387
0.0869565217391
0.129032258065
-1
0.48
0.727272727273
0.214285714286
0.0
0.608695652174
0.444444444444
0.666666666667
0.0952380952381
-1
0.555555555556
0.571428571429
0.777777777778
0.0769230769231
0.272727272727
0.555555555556
0.411764705882
0.72
0.214285714286
0.384615384615
-1
-1
0.75
-1
0.222222222222
0.466666666667
0.761904761905
0.470588235294
0.153846153846
0.260869565217
0.5
0.571428571429
0.608695652174
0.260869565217
0.173913043478
0.25
0.64
0.666666666667
0.0
0.4
0.538461538462
0.692307692308
0.909090909091
0.0
0.142857142857
0.363636363636
0.702702702703
0.642857142857
0.333333333333
0.08
0.521739130435
0.833333333333
0.823529411765
0.142857142857
0.0
0.413793103448
0.375
0.8
0.413793103448
0.413793103448
0.206896551724
0.5
0.769230769231
0.0
-1
0.190476190476
0.705882352941
0.777777777778
0.0
0.333333333333
0.3
0.709677419355
0.705882352941
0.125
0.166666666667
0.533333333333
0.666666666667
0.72
0.0
0.193548387097
-1
0.736842105263
0.533333333333
0.0
0.142857142857
0.5
0.7
0.533333333333
-1
0.285714285714
-1
0.347826086957
0.7
0.0
0.521739130435
0.551724137931
0.4
0.666666666667
0.193548387097
0.4
0.266666666667
0.5
1.0
0.0
0.0
0.5
0.9
0.514285714286
0.333333333333
-1
0.518518518519
-1
0.736842105263
0.111111111111
0.190476190476
0.4
-1
0.666666666667
0.08
0.0
0.333333333333
0.571428571429
0.583333333333
0.0666666666667
0.208333333333
0.342857142857
0.526315789474
0.933333333333
0.352941176471
0.571428571429
0.333333333333
0.8
0.625
0.0
0.375
0.3
0.428571428571
0.761904761905
0.0952380952381
0.484848484848
0.228571428571
0.666666666667
0.666666666667
0.111111111111
0.228571428571
0.315789473684
0.518518518519
0.705882352941
0.0
0.285714285714
0.592592592593
0.875
1.0
0.0
0.454545454545
0.363636363636
0.740740740741
0.666666666667
0.1875
0.16
0.620689655172
0.608695652174
0.526315789474
0.0
0.4
0.5
0.454545454545
0.8
0.0
0.37037037037
0.5625
0.512820512821
0.689655172414
0.0
0.344827586207
0.37037037037
0.47619047619
0.666666666667
0.285714285714
0.666666666667
0.428571428571
-1
0.545454545455
0.142857142857
0.153846153846
0.521739130435
-1
0.625
0.0
0.32
0.387096774194
0.588235294118
-1
0.0666666666667
0.3125
0.363636363636
0.454545454545
0.75
0.0
0.0
0.5
0.615384615385
0.75
0.117647058824
0.333333333333
0.133333333333
0.588235294118
-1
0.0
0.4
0.526315789474
-1
-1
-1
0.210526315789
0.416666666667
-1
0.625
0.227272727273
0.451612903226
0.444444444444
0.705882352941
0.625
0.0
-1
-1
0.555555555556
0.842105263158
0.105263157895
0.324324324324
-1
0.48
0.631578947368
0.2
0.322580645161
-1
0.636363636364
0.846153846154
0.538461538462
0.0
0.628571428571
0.8
0.7
0.153846153846
0.222222222222
0.48
0.533333333333
0.625
0.25
0.3125
0.454545454545
0.714285714286
0.666666666667
0.133333333333
0.193548387097
0.4
0.5
0.842105263158
0.173913043478
0.352941176471
0.315789473684
0.56
0.625
0.0
0.631578947368
0.3
0.666666666667
0.571428571429
0.181818181818
0.6
0.3125
0.333333333333
0.63829787234
0.148148148148
0.117647058824
0.6
0.545454545455
0.761904761905
0.470588235294
0.384615384615
-1
-1
0.666666666667
0.48
0.352941176471
0.48
0.64
0.75
0.0
0.277777777778
0.25
0.736842105263
0.8
0.137931034483
0.434782608696
0.5
0.421052631579
0.695652173913
0.137931034483
0.424242424242
0.444444444444
0.484848484848
0.64
0.3125
0.333333333333
0.48
0.714285714286
0.736842105263
0.0714285714286
0.461538461538
0.454545454545
0.47619047619
0.545454545455
0.0
-1
0.428571428571
0.571428571429
0.833333333333
0.0666666666667
0.0909090909091
0.352941176471
0.592592592593
0.736842105263
0.0
0.166666666667
0.235294117647
0.7
0.6
0.121212121212
0.322580645161
0.551724137931
0.540540540541
0.785714285714
0.4
0.222222222222
0.620689655172
0.727272727273
0.666666666667
0.0
0.48275862069
0.222222222222
0.454545454545
-1
0.357142857143
0.333333333333
0.416666666667
0.363636363636
0.631578947368
0.181818181818
0.4
0.5
0.708333333333
0.705882352941
0.0
0.173913043478
-1
0.571428571429
0.846153846154
0.0
-1
0.416666666667
0.636363636364
-1
0.166666666667
0.434782608696
0.285714285714
-1
0.923076923077
0.129032258065
0.176470588235
0.470588235294
0.592592592593
-1
0.181818181818
0.142857142857
0.47619047619
0.695652173913
0.777777777778
0.129032258065
0.24
0.37037037037
0.47619047619
-1
0.148148148148
0.363636363636
0.384615384615
0.666666666667
0.733333333333
0.0
0.260869565217
0.545454545455
0.411764705882
0.48
-1
0.235294117647
0.5
0.533333333333
0.777777777778
0.0769230769231
0.2
0.466666666667
-1
-1
0.0740740740741
0.266666666667
0.5
0.736842105263
0.774193548387
0.0
0.133333333333
0.5
0.588235294118
0.555555555556
-1
0.428571428571
0.285714285714
0.666666666667
0.769230769231
0.114285714286
0.3
0.47619047619
0.533333333333
-1
0.387096774194
0.4
-1
0.526315789474
0.64
0.0
0.380952380952
0.3
0.608695652174
0.636363636364
0.0769230769231
0.421052631579
0.133333333333
-1
0.606060606061
0.0
0.25
0.181818181818
0.444444444444
0.666666666667
0.0
0.0833333333333
0.666666666667
0.545454545455
0.631578947368
0.142857142857
0.307692307692
0.75
0.75
0.714285714286
0.0
0.5
0.529411764706
0.571428571429
0.75
0.37037037037
0.125
0.4
0.545454545455
0.740740740741
0.0
0.08
0.526315789474
0.64
0.666666666667
0.0952380952381
0.296296296296
0.555555555556
0.434782608696
0.571428571429
0.181818181818
0.347826086957
0.514285714286
0.6
0.7
0.0
0.416666666667
0.416666666667
0.648648648649
0.631578947368
0.0952380952381
0.0769230769231
0.285714285714
0.571428571429
0.705882352941
0.190476190476
0.133333333333
0.4
-1
-1
0.344827586207
0.571428571429
0.64
0.5
0.736842105263
0.1
0.521739130435
0.428571428571
0.48
0.6
0.3125
0.416666666667
-1
0.571428571429
0.736842105263
0.0
0.32
0.25
0.555555555556
0.909090909091
0.25
0.344827586207
0.642857142857
0.592592592593
-1
0.0526315789474
0.133333333333
0.454545454545
0.454545454545
0.6
0.0
0.133333333333
0.266666666667
-1
-1
0.08
0.4
0.518518518519
0.5
0.631578947368
0.0588235294118
0.35
0.4
0.521739130435
0.733333333333
0.0
0.111111111111
0.636363636364
0.583333333333
0.666666666667
0.380952380952
0.0869565217391
0.470588235294
0.838709677419
-1
0.0
0.4
0.5
-1
0.75
-1
0.470588235294
0.6
0.526315789474
0.666666666667
