0.444444444444
0.769230769231
0.833333333333
0.571428571429
0.823529411765
0.9
1.0
0.56
0.923076923077
0.352941176471
0.736842105263
0.888888888889
0.666666666667
0.8
1.04347826087
0.380952380952
0.588235294118
1.0
0.387096774194
0.75
0.818181818182
0.869565217391
0.533333333333
0.941176470588
0.642857142857
0.727272727273
0.8
0.5
0.869565217391
0.72
0.5
0.571428571429
0.75
0.545454545455
0.521739130435
0.888888888889
0.5
0.7
0.923076923077
0.444444444444
0.620689655172
0.909090909091
0.545454545455
0.888888888889
0.5
0.6
0.842105263158
1.125
0.47619047619
0.666666666667
0.818181818182
0.416666666667
0.666666666667
0.75
0.5
0.666666666667
2.85714285714
0.545454545455
0.727272727273
1.0
0.521739130435
1.05263157895
0.833333333333
0.545454545455
0.692307692308
0.9
0.58064516129
0.444444444444
0.769230769231
0.666666666667
0.8
0.75
0.615384615385
0.833333333333
0.666666666667
0.421052631579
0.571428571429
0.818181818182
0.4375
0.7
0.714285714286
0.5
0.555555555556
0.9
0.6
0.545454545455
0.714285714286
0.521739130435
0.777777777778
0.833333333333
0.521739130435
0.666666666667
1.0
0.7
0.827586206897
0.888888888889
0.592592592593
0.740740740741
0.8
0.666666666667
0.833333333333
0.8
0.736842105263
0.666666666667
0.842105263158
0.705882352941
0.727272727273
0.857142857143
0.555555555556
0.782608695652
0.8
0.333333333333
0.444444444444
0.875
0.421052631579
0.6
0.75
0.666666666667
0.642857142857
0.625
0.736842105263
0.666666666667
0.888888888889
0.47619047619
0.571428571429
1.16666666667
0.625
0.666666666667
0.818181818182
0.5
0.736842105263
0.857142857143
0.25
0.875
0.833333333333
0.47619047619
0.444444444444
0.869565217391
0.571428571429
0.571428571429
1.0
0.7
0.7
0.8
0.7
0.571428571429
0.857142857143
0.454545454545
0.444444444444
0.8
0.5
0.75
0.8
0.470588235294
0.727272727273
0.888888888889
0.444444444444
0.571428571429
0.947368421053
0.571428571429
0.736842105263
0.916666666667
0.56
0.818181818182
1.05263157895
0.588235294118
0.75
0.888888888889
0.666666666667
0.5
0.615384615385
0.8
0.6
0.914285714286
0.6
0.526315789474
0.705882352941
0.285714285714
0.909090909091
0.818181818182
0.307692307692
0.333333333333
0.869565217391
0.615384615385
0.761904761905
0.833333333333
0.48
0.666666666667
0.88
0.444444444444
0.666666666667
0.896551724138
0.75
0.75
0.222222222222
0.545454545455
0.72
1.0
0.266666666667
0.9
1.0
0.4
0.727272727273
0.666666666667
0.64
0.645161290323
0.952380952381
0.631578947368
0.636363636364
0.95652173913
0.631578947368
0.666666666667
0.833333333333
0.592592592593
0.75
0.692307692308
0.526315789474
0.857142857143
0.933333333333
0.545454545455
0.666666666667
0.818181818182
0.8
0.631578947368
0.777777777778
0.454545454545
0.636363636364
1.05263157895
0.636363636364
0.75
0.9
0.545454545455
0.842105263158
1.03448275862
0.6
0.692307692308
1.04347826087
0.3
0.761904761905
0.923076923077
0.434782608696
0.666666666667
0.666666666667
0.56
0.6
0.705882352941
0.7
0.75
0.8
0.769230769231
0.7
0.777777777778
0.5
0.769230769231
0.941176470588
0.736842105263
0.333333333333
0.857142857143
0.625
0.923076923077
0.666666666667
0.545454545455
0.6
1.0
0.5
0.533333333333
1.2
0.571428571429
0.714285714286
1.04
0.380952380952
0.428571428571
0.962962962963
0.521739130435
0.4
0.782608695652
0.6
0.75
0.6
0.25
0.666666666667
0.923076923077
0.6
0.692307692308
1.05263157895
0.736842105263
0.583333333333
0.9
0.444444444444
0.72
0.888888888889
0.666666666667
0.571428571429
1.05263157895
0.666666666667
0.727272727273
0.888888888889
0.4
0.692307692308
0.818181818182
0.470588235294
0.782608695652
0.75
0.705882352941
0.714285714286
0.8
0.666666666667
0.705882352941
0.869565217391
0.5
0.75
0.714285714286
0.555555555556
0.727272727273
0.88
0.777777777778
0.666666666667
0.9
0.5
0.714285714286
2.18181818182
0.736842105263
0.428571428571
0.909090909091
0.551724137931
0.842105263158
0.8
0.421052631579
0.518518518519
0.727272727273
0.333333333333
0.666666666667
0.5
0.727272727273
0.947368421053
0.48
0.58064516129
0.777777777778
0.25
0.833333333333
1.2
0.3
0.842105263158
2.85714285714
0.538461538462
0.588235294118
0.823529411765
0.5
0.631578947368
0.818181818182
0.551724137931
0.692307692308
0.782608695652
0.37037037037
0.6
0.909090909091
0.37037037037
0.866666666667
0.923076923077
0.6
0.692307692308
0.909090909091
0.666666666667
0.642857142857
0.909090909091
0.631578947368
0.571428571429
2.85714285714
0.5
0.769230769231
0.72
0.518518518519
0.75
0.947368421053
0.470588235294
0.692307692308
0.9
0.444444444444
0.846153846154
0.72
0.222222222222
0.555555555556
0.857142857143
0.533333333333
0.916666666667
1.0
0.444444444444
0.833333333333
0.761904761905
0.5
0.695652173913
0.9
0.5
0.75
0.6
0.5
0.75
0.705882352941
0.666666666667
0.842105263158
0.9
0.588235294118
0.631578947368
0.947368421053
0.48
0.8
0.909090909091
0.551724137931
0.692307692308
0.857142857143
0.266666666667
0.666666666667
0.615384615385
0.428571428571
0.72
0.705882352941
0.444444444444
0.666666666667
0.8
0.625
0.666666666667
0.952380952381
0.642857142857
0.666666666667
0.818181818182
0.538461538462
0.689655172414
0.88
0.285714285714
0.631578947368
0.727272727273
0.56
0.833333333333
0.952380952381
0.285714285714
0.666666666667
1.04761904762
0.625
0.642857142857
0.869565217391
0.5
0.571428571429
0.75
0.47619047619
0.705882352941
0.8
0.333333333333
0.695652173913
0.823529411765
0.526315789474
