0.428571428571
0.444444444444
0.5
0.5
0.857142857143
0.333333333333
0.133333333333
0.823529411765
0.625
0.615384615385
0.105263157895
0.5
0.526315789474
1.15384615385
0.769230769231
0.315789473684
0.5
0.777777777778
0.153846153846
0.705882352941
0.105263157895
0.571428571429
0.555555555556
0.818181818182
0.8
0.4
0.222222222222
0.285714285714
0.857142857143
0.903225806452
0.117647058824
0.434782608696
0.4
0.705882352941
0.736842105263
0.347826086957
0.266666666667
0.545454545455
0.571428571429
0.769230769231
0.333333333333
0.375
0.526315789474
0.588235294118
0.823529411765
0.47619047619
0.428571428571
0.571428571429
0.666666666667
0.923076923077
0.0
0.571428571429
0.727272727273
0.666666666667
0.96
0.25
0.705882352941
0.375
0.823529411765
0.869565217391
0.347826086957
0.266666666667
0.72
0.75
0.909090909091
0.105263157895
0.48
0.705882352941
0.461538461538
0.914285714286
0.380952380952
0.421052631579
0.545454545455
0.818181818182
0.857142857143
0.142857142857
0.521739130435
0.4
0.736842105263
0.875
0.0
0.285714285714
0.631578947368
0.733333333333
0.888888888889
0.0
0.3
0.461538461538
0.782608695652
0.5
0.125
0.5
0.352941176471
0.666666666667
0.8
0.133333333333
0.142857142857
0.533333333333
0.666666666667
0.769230769231
0.133333333333
0.5
0.625
0.727272727273
0.952380952381
0.0
0.571428571429
0.6
0.5
0.875
0.222222222222
0.64
0.705882352941
0.615384615385
0.615384615385
0.4
0.333333333333
0.666666666667
0.666666666667
0.8
0.363636363636
0.4
0.551724137931
0.714285714286
0.969696969697
0.285714285714
0.25
0.615384615385
0.714285714286
0.833333333333
0.222222222222
0.352941176471
0.705882352941
0.72
0.736842105263
0.4
0.526315789474
0.555555555556
0.709677419355
0.8
0.1
0.333333333333
0.869565217391
0.769230769231
0.75
0.25
0.315789473684
0.615384615385
0.7
0.875
0.2
0.411764705882
0.631578947368
0.857142857143
0.95652173913
0.222222222222
0.5
0.761904761905
0.888888888889
0.769230769231
0.4
0.625
0.470588235294
0.7
0.888888888889
0.0
0.470588235294
0.533333333333
0.705882352941
0.923076923077
0.190476190476
0.434782608696
0.555555555556
0.769230769231
0.941176470588
0.0
0.416666666667
0.428571428571
0.923076923077
0.933333333333
0.222222222222
0.266666666667
0.571428571429
0.8
0.833333333333
0.380952380952
0.2
0.625
0.352941176471
1.0
0.1
0.47619047619
0.631578947368
0.769230769231
0.769230769231
0.352941176471
0.285714285714
0.25
0.666666666667
0.666666666667
0.363636363636
0.6
0.5
0.631578947368
1.0
0.285714285714
0.592592592593
0.8
0.777777777778
0.941176470588
0.333333333333
0.571428571429
0.454545454545
1.04761904762
0.842105263158
0.0
0.307692307692
0.5
0.857142857143
0.666666666667
0.571428571429
0.285714285714
0.761904761905
0.923076923077
0.705882352941
0.105263157895
0.625
0.5
0.533333333333
0.736842105263
0.260869565217
0.526315789474
0.615384615385
0.5
0.727272727273
0.1
0.307692307692
0.909090909091
0.777777777778
0.823529411765
0.133333333333
0.153846153846
0.7
0.818181818182
0.875
0.0
0.3
0.526315789474
0.857142857143
0.933333333333
0.4
0.461538461538
0.761904761905
0.714285714286
0.666666666667
0.444444444444
0.571428571429
0.363636363636
0.666666666667
0.769230769231
0.111111111111
0.285714285714
0.4
0.888888888889
0.777777777778
0.5
0.272727272727
0.5
0.666666666667
0.823529411765
0.153846153846
0.695652173913
0.714285714286
0.7
0.842105263158
0.0
0.307692307692
0.526315789474
0.588235294118
0.952380952381
0.266666666667
0.521739130435
0.695652173913
0.533333333333
0.909090909091
0.210526315789
0.533333333333
0.434782608696
0.888888888889
0.888888888889
0.533333333333
0.4
0.428571428571
0.666666666667
0.833333333333
0.347826086957
0.571428571429
0.631578947368
0.769230769231
0.857142857143
0.105263157895
0.266666666667
0.4
0.592592592593
0.888888888889
0.285714285714
0.631578947368
0.555555555556
0.909090909091
0.823529411765
0.0666666666667
0.533333333333
0.823529411765
0.588235294118
0.705882352941
0.1
0.315789473684
0.571428571429
0.6
0.705882352941
0.0869565217391
0.444444444444
0.705882352941
0.846153846154
0.923076923077
0.222222222222
0.421052631579
0.777777777778
1.07692307692
0.761904761905
0.133333333333
0.7
0.571428571429
0.75
0.833333333333
0.333333333333
0.307692307692
0.307692307692
0.615384615385
0.857142857143
0.615384615385
0.518518518519
0.75
0.833333333333
0.888888888889
0.222222222222
0.461538461538
0.5
0.9
0.769230769231
0.0
0.210526315789
0.4
0.769230769231
0.0
0.571428571429
0.615384615385
0.666666666667
0.0
0.307692307692
0.6
0.769230769231
0.235294117647
0.428571428571
0.615384615385
0.727272727273
0.0
0.25
0.588235294118
0.769230769231
0.375
0.0
0.615384615385
0.533333333333
0.0
0.352941176471
0.333333333333
0.769230769231
0.105263157895
0.125
0.8
0.869565217391
0.0
0.25
0.75
0.769230769231
0.2
0.333333333333
0.428571428571
1.04761904762
0.153846153846
0.235294117647
0.48
0.714285714286
0.421052631579
0.181818181818
0.571428571429
0.8
0.307692307692
0.285714285714
0.545454545455
0.88
0.125
0.571428571429
0.666666666667
0.75
0.111111111111
0.571428571429
0.375
0.869565217391
0.3
0.545454545455
0.615384615385
0.666666666667
0.352941176471
0.571428571429
0.615384615385
0.769230769231
0.125
0.0
0.545454545455
0.714285714286
0.222222222222
0.0
0.625
0.842105263158
0.307692307692
0.333333333333
0.461538461538
0.727272727273
0.0
0.133333333333
0.714285714286
0.736842105263
0.266666666667
0.5
0.615384615385
0.769230769231
0.375
0.25
0.625
0.727272727273
0.125
0.533333333333
0.555555555556
0.923076923077
0.142857142857
0.375
0.727272727273
0.625
0.315789473684
0.428571428571
0.615384615385
0.769230769231
0.166666666667
0.615384615385
0.533333333333
0.714285714286
0.0
0.545454545455
0.615384615385
0.88
0.352941176471
0.173913043478
0.363636363636
0.875
0.153846153846
0.588235294118
0.428571428571
0.769230769231
0.0
0.421052631579
0.588235294118
0.727272727273
0.0
0.461538461538
0.769230769231
0.736842105263
0.210526315789
0.588235294118
0.947368421053
0.777777777778
0.285714285714
0.181818181818
0.444444444444
0.928571428571
0.222222222222
0.5
0.533333333333
0.888888888889
0.133333333333
0.0
0.75
0.727272727273
0.117647058824
0.555555555556
0.666666666667
0.769230769231
0.0
0.25
0.923076923077
0.769230769231
0.0
0.533333333333
0.714285714286
0.8
0.222222222222
0.444444444444
0.769230769231
0.923076923077
0.0
0.4
0.666666666667
0.727272727273
0.142857142857
0.444444444444
0.5
0.769230769231
0.0952380952381
0.266666666667
0.285714285714
0.769230769231
0.0
0.25
0.75
0.923076923077
0.428571428571
0.0
0.5
0.533333333333
0.5
0.4
0.615384615385
0.962962962963
0.421052631579
0.4
0.631578947368
0.833333333333
0.307692307692
0.235294117647
0.727272727273
0.428571428571
0.352941176471
0.307692307692
0.461538461538
0.625
0.0
0.5
0.666666666667
0.875
0.190476190476
0.133333333333
0.444444444444
1.05263157895
0.142857142857
0.615384615385
0.461538461538
0.769230769231
0.0
0.375
0.533333333333
0.769230769231
0.0
0.428571428571
0.533333333333
0.714285714286
0.142857142857
0.571428571429
0.461538461538
1.0
0.3
0.333333333333
0.615384615385
0.777777777778
0.0
0.380952380952
0.666666666667
0.833333333333
0.166666666667
0.363636363636
0.666666666667
0.833333333333
0.0
0.5
0.857142857143
0.769230769231
0.25
0.266666666667
0.666666666667
0.769230769231
0.0689655172414
0.5
0.666666666667
0.88
0.2
0.375
0.5
0.8
0.0
0.133333333333
0.0
0.888888888889
0.352941176471
0.333333333333
0.615384615385
0.75
0.142857142857
0.5
0.923076923077
1.13333333333
0.105263157895
0.375
0.4
0.615384615385
0.125
0.421052631579
0.461538461538
0.769230769231
0.352941176471
0.428571428571
0.5
0.666666666667
0.210526315789
0.588235294118
0.533333333333
0.777777777778
0.222222222222
0.266666666667
0.352941176471
0.714285714286
0.0
0.428571428571
0.307692307692
0.944444444444
0.0
0.307692307692
0.642857142857
0.461538461538
0.142857142857
0.461538461538
0.615384615385
0.833333333333
0.0
0.0
0.4
0.8
0.0
0.0
0.615384615385
0.952380952381
0.5
0.375
0.533333333333
0.727272727273
0.111111111111
0.315789473684
0.615384615385
0.727272727273
0.0
0.5
0.571428571429
0.888888888889
0.2
0.375
0.615384615385
0.736842105263
0.363636363636
0.0
0.571428571429
0.769230769231
0.142857142857
0.615384615385
0.5
0.545454545455
0.0
0.307692307692
0.8
0.769230769231
0.0
0.25
0.5
0.727272727273
0.0
0.117647058824
0.5
0.8
0.0
0.333333333333
0.8
0.714285714286
0.111111111111
0.25
0.615384615385
0.736842105263
0.111111111111
0.117647058824
0.705882352941
0.533333333333
0.0
0.4
0.769230769231
0.842105263158
0.315789473684
0.631578947368
0.533333333333
0.888888888889
0.08
0.375
0.705882352941
0.95652173913
0.0
0.222222222222
0.615384615385
1.0
0.0
0.571428571429
0.75
0.769230769231
0.1
0.5
0.533333333333
0.857142857143
0.111111111111
0.428571428571
0.5
0.769230769231
0.133333333333
0.470588235294
0.615384615385
0.625
0.105263157895
0.307692307692
0.533333333333
0.705882352941
0.25
0.25
0.666666666667
0.533333333333
0.235294117647
0.8
0.857142857143
0.769230769231
0.0
0.533333333333
0.666666666667
1.0
0.2
0.555555555556
0.666666666667
0.769230769231
