0.533333333333
0.823529411765
0.875
0.6
0.555555555556
0.810810810811
0.472727272727
0.424242424242
0.909090909091
0.55
0.875
0.740740740741
0.470588235294
0.864864864865
0.896551724138
0.357142857143
0.75
1.0
0.470588235294
0.780487804878
0.914285714286
0.705882352941
0.666666666667
0.888888888889
0.647058823529
0.65625
0.923076923077
0.454545454545
0.740740740741
0.838709677419
0.615384615385
0.814814814815
0.791666666667
0.454545454545
0.736842105263
0.857142857143
0.434782608696
0.545454545455
0.941176470588
0.380952380952
0.755555555556
0.904761904762
0.705882352941
0.758620689655
0.857142857143
0.285714285714
0.75
0.8
0.461538461538
0.533333333333
0.875
0.56
0.8
0.9
0.555555555556
0.821428571429
1.10344827586
0.413793103448
0.8
0.705882352941
0.56
0.666666666667
0.714285714286
0.717948717949
0.5
1.10344827586
0.695652173913
0.592592592593
0.787878787879
0.666666666667
0.947368421053
0.8
0.681818181818
0.631578947368
0.869565217391
0.4
0.787878787879
0.761904761905
0.37037037037
0.782608695652
0.882352941176
0.75
0.918918918919
0.8
0.4
0.636363636364
0.897959183673
0.25
0.8125
0.888888888889
0.5
0.666666666667
0.903225806452
0.413793103448
0.775862068966
0.8
0.6
0.857142857143
0.777777777778
0.47619047619
0.588235294118
0.947368421053
0.484848484848
0.666666666667
0.777777777778
0.48
0.642857142857
0.914285714286
0.521739130435
0.6
0.958333333333
0.705882352941
0.651162790698
0.857142857143
0.851851851852
-1
0.875
0.470588235294
0.809523809524
0.8
0.606060606061
0.666666666667
0.923076923077
0.181818181818
0.56
0.782608695652
0.740740740741
0.842105263158
0.837209302326
0.585365853659
0.9
0.8
0.388888888889
0.8
0.877192982456
0.576271186441
0.857142857143
0.896551724138
0.565217391304
0.695652173913
0.958333333333
0.583333333333
0.75
1.0
0.689655172414
0.595744680851
0.923076923077
0.315789473684
0.881355932203
1.03846153846
0.46511627907
0.888888888889
0.8
0.777777777778
0.727272727273
1.05882352941
0.484848484848
0.7
0.918918918919
0.470588235294
0.588235294118
0.947368421053
0.512820512821
0.526315789474
0.666666666667
0.434782608696
0.6875
0.943396226415
0.72
0.777777777778
0.775510204082
0.428571428571
-1
0.925925925926
0.48275862069
0.692307692308
0.976744186047
0.518518518519
0.634920634921
0.8125
0.555555555556
0.666666666667
0.947368421053
0.451612903226
0.782608695652
1.02564102564
0.829268292683
0.64
0.833333333333
0.666666666667
0.769230769231
0.945454545455
0.518518518519
0.821917808219
0.818181818182
0.2
0.64
0.809523809524
0.4
0.681818181818
0.857142857143
0.545454545455
0.882352941176
0.966666666667
0.536585365854
0.56
0.8
0.384615384615
0.826086956522
0.9
0.5
0.842105263158
0.857142857143
0.521739130435
0.761904761905
0.736842105263
0.30303030303
0.685714285714
0.928571428571
0.333333333333
0.857142857143
0.818181818182
0.363636363636
0.714285714286
0.933333333333
0.461538461538
0.333333333333
0.888888888889
0.352941176471
0.903225806452
0.830188679245
0.684210526316
0.861111111111
1.02325581395
0.384615384615
0.914285714286
0.48275862069
0.615384615385
0.461538461538
0.6
0.380952380952
0.625
0.727272727273
0.857142857143
0.69696969697
0.909090909091
0.357142857143
0.714285714286
0.277777777778
0.625
0.375
0.709677419355
0.666666666667
1.06329113924
0.7
0.666666666667
0.461538461538
0.615384615385
0.586206896552
0.727272727273
0.416666666667
0.764705882353
0.765957446809
0.813559322034
0.666666666667
0.714285714286
0.571428571429
0.594594594595
0.333333333333
0.818181818182
0.342857142857
0.705882352941
0.571428571429
0.909090909091
0.326530612245
0.454545454545
0.454545454545
0.705882352941
0.3
0.697674418605
0.685714285714
0.6
0.5
0.692307692308
0.914285714286
0.857142857143
0.877192982456
0.955223880597
0.5
0.5
0.681818181818
0.871794871795
0.48275862069
0.949152542373
0.5
0.416666666667
0.4
0.705882352941
0.47619047619
0.470588235294
