0.526315789474
0.888888888889
0.526315789474
0.75
0.571428571429
0.333333333333
0.8
0.470588235294
0.875
0.75
0.666666666667
0.444444444444
1.0
0.5
0.842105263158
1.07692307692
0.48
0.375
0.933333333333
0.705882352941
0.444444444444
0.705882352941
1.06666666667
0.875
0.363636363636
0.631578947368
0.736842105263
0.48275862069
0.347826086957
0.260869565217
0.625
0.666666666667
0.823529411765
0.380952380952
0.315789473684
0.75
0.583333333333
0.416666666667
0.916666666667
0.47619047619
1.0
0.888888888889
0.857142857143
0.444444444444
0.526315789474
0.75
0.222222222222
0.588235294118
0.111111111111
0.933333333333
0.5
0.625
0.933333333333
0.4
0.555555555556
0.823529411765
0.307692307692
0.8
0.526315789474
0.666666666667
0.625
0.625
0.64
0.8
0.555555555556
0.8
0.5
0.64
0.461538461538
0.0740740740741
0.681818181818
0.714285714286
0.941176470588
0.857142857143
0.533333333333
0.7
0.857142857143
0.695652173913
0.545454545455
0.363636363636
1.07692307692
0.875
0.48
0.285714285714
0.8
0.380952380952
0.933333333333
0.777777777778
0.555555555556
0.695652173913
0.526315789474
0.571428571429
0.307692307692
0.5
0.571428571429
0.666666666667
0.8
0.666666666667
0.72
0.363636363636
0.363636363636
0.470588235294
0.608695652174
0.533333333333
0.111111111111
0.777777777778
0.307692307692
1.0
0.307692307692
0.533333333333
0.266666666667
0.333333333333
0.695652173913
0.75
0.888888888889
0.714285714286
0.315789473684
0.842105263158
0.8
0.64
0.692307692308
0.909090909091
0.909090909091
0.857142857143
0.7
0.333333333333
0.454545454545
0.705882352941
0.571428571429
0.166666666667
0.526315789474
0.769230769231
0.461538461538
0.48
0.9
0.56
0.761904761905
0.56
0.761904761905
0.470588235294
0.7
0.923076923077
0.666666666667
0.705882352941
0.625
0.857142857143
0.25
0.666666666667
0.777777777778
0.347826086957
0.666666666667
0.666666666667
0.583333333333
0.714285714286
1.04347826087
0.5
0.909090909091
0.631578947368
0.0909090909091
0.833333333333
0.588235294118
0.260869565217
0.875
0.352941176471
0.736842105263
0.125
0.714285714286
0.941176470588
0.875
0.727272727273
0.533333333333
0.380952380952
0.625
0.555555555556
0.666666666667
0.4
1.0
0.823529411765
0.333333333333
0.818181818182
0.8
0.631578947368
1.11111111111
0.727272727273
0.705882352941
0.666666666667
0.75
0.777777777778
0.4
0.666666666667
0.777777777778
0.857142857143
0.5
0.888888888889
0.315789473684
0.9
0.526315789474
0.666666666667
0.666666666667
0.8
0.105263157895
0.4
0.526315789474
0.545454545455
0.352941176471
0.842105263158
0.625
0.692307692308
0.166666666667
0.347826086957
0.95652173913
0.470588235294
0.125
0.846153846154
0.5
0.375
0.666666666667
0.625
0.555555555556
0.666666666667
0.470588235294
0.5
0.615384615385
0.461538461538
0.625
0.4
0.666666666667
0.666666666667
0.933333333333
0.823529411765
0.818181818182
0.32
0.521739130435
0.888888888889
0.913043478261
0.9
0.777777777778
0.888888888889
0.933333333333
0.736842105263
0.571428571429
0.625
0.384615384615
0.315789473684
0.833333333333
0.125
0.941176470588
0.666666666667
0.782608695652
0.518518518519
0.58064516129
0.8
0.0869565217391
0.4
0.666666666667
0.947368421053
0.714285714286
0.923076923077
0.9
0.823529411765
0.6
0.588235294118
0.444444444444
0.714285714286
0.380952380952
0.583333333333
0.117647058824
0.363636363636
0.461538461538
0.9375
0.705882352941
0.25
0.571428571429
0.833333333333
0.666666666667
0.375
0.0952380952381
0.470588235294
0.3
0.588235294118
0.363636363636
0.823529411765
0.857142857143
0.4
0.526315789474
0.210526315789
1.0
0.666666666667
0.947368421053
0.857142857143
0.7
0.631578947368
0.3
0.260869565217
0.608695652174
0.47619047619
0.869565217391
0.444444444444
0.0666666666667
0.1
0.909090909091
0.588235294118
0.823529411765
0.705882352941
0.666666666667
0.769230769231
0.705882352941
0.909090909091
0.125
0.533333333333
1.0
0.5
0.823529411765
0.736842105263
0.72
0.947368421053
0.461538461538
0.7
0.666666666667
0.857142857143
0.6
1.0
0.6
0.608695652174
0.823529411765
0.666666666667
0.125
0.421052631579
0.421052631579
0.363636363636
0.923076923077
0.235294117647
0.571428571429
0.206896551724
0.5
0.5
0.4
0.875
0.875
0.875
0.823529411765
0.952380952381
0.533333333333
0.869565217391
0.434782608696
0.444444444444
0.8
0.434782608696
0.823529411765
0.363636363636
0.666666666667
0.857142857143
0.375
1.16666666667
0.75
0.533333333333
0.5
0.588235294118
0.714285714286
0.714285714286
0.608695652174
0.571428571429
1.0
0.842105263158
0.3
0.695652173913
1.11111111111
0.7
0.4
0.608695652174
0.142857142857
0.75
0.758620689655
0.521739130435
0.8
0.875
0.625
0.6
0.75
0.421052631579
0.875
0.685714285714
1.15384615385
0.72
0.588235294118
0.666666666667
0.142857142857
0.588235294118
0.571428571429
0.857142857143
0.5
0.933333333333
0.375
0.230769230769
0.875
0.142857142857
0.555555555556
0.0909090909091
0.434782608696
0.111111111111
0.857142857143
0.615384615385
0.285714285714
0.588235294118
0.923076923077
0.842105263158
0.5
0.111111111111
0.434782608696
0.526315789474
0.7
0.857142857143
0.75
0.555555555556
0.363636363636
0.571428571429
0.64
0.782608695652
0.5
0.833333333333
0.5
0.631578947368
0.521739130435
0.952380952381
0.625
0.814814814815
0.315789473684
0.56
0.5
0.923076923077
0.705882352941
0.727272727273
0.769230769231
0.72
0.636363636364
0.125
0.32
0.689655172414
0.947368421053
0.705882352941
0.75
0.666666666667
1.0
0.434782608696
0.352941176471
0.571428571429
0.647058823529
0.869565217391
0.315789473684
0.533333333333
0.842105263158
0.947368421053
0.555555555556
0.454545454545
0.714285714286
0.777777777778
0.454545454545
0.117647058824
0.533333333333
0.8
0.571428571429
1.0
0.823529411765
0.315789473684
0.923076923077
0.5
1.0
0.941176470588
0.857142857143
0.888888888889
0.615384615385
0.571428571429
0.769230769231
0.666666666667
0.625
0.714285714286
0.869565217391
0.6
0.352941176471
0.8
0.857142857143
0.47619047619
0.363636363636
0.315789473684
1.14285714286
0.625
0.888888888889
0.333333333333
0.695652173913
0.8
0.941176470588
0.666666666667
0.181818181818
0.347826086957
0.888888888889
0.526315789474
0.842105263158
0.705882352941
0.782608695652
0.521739130435
0.588235294118
0.909090909091
0.8
0.222222222222
1.09090909091
0.421052631579
0.666666666667
0.545454545455
0.64
0.777777777778
0.4
0.705882352941
0.8
0.833333333333
0.842105263158
0.363636363636
0.727272727273
0.916666666667
0.4
0.555555555556
0.133333333333
0.285714285714
0.705882352941
0.545454545455
0.875
0.941176470588
0.47619047619
0.416666666667
0.37037037037
0.842105263158
0.5
0.647058823529
0.533333333333
1.0
0.444444444444
0.588235294118
0.571428571429
0.833333333333
0.857142857143
0.857142857143
0.444444444444
0.875
0.7
0.428571428571
0.625
0.761904761905
0.75
0.909090909091
0.4
0.375
1.16666666667
0.9
0.833333333333
0.842105263158
0.72
0.4
0.777777777778
0.333333333333
0.909090909091
0.727272727273
0.258064516129
0.666666666667
0.666666666667
0.769230769231
0.444444444444
0.117647058824
0.833333333333
0.75
0.588235294118
0.5
0.333333333333
0.421052631579
0.333333333333
0.933333333333
0.818181818182
0.416666666667
0.56
0.727272727273
0.933333333333
0.625
0.451612903226
0.714285714286
0.571428571429
1.05882352941
0.190476190476
0.923076923077
0.933333333333
0.72
0.85
0.3
0.666666666667
0.666666666667
0.833333333333
0.190476190476
0.4
0.947368421053
0.0833333333333
0.9
0.947368421053
0.857142857143
0.941176470588
0.952380952381
0.384615384615
0.909090909091
0.7
0.923076923077
0.666666666667
0.833333333333
0.470588235294
0.875
0.571428571429
0.727272727273
0.7
0.8
0.8
0.4
0.4
0.625
0.444444444444
0.777777777778
0.5
0.875
0.933333333333
1.09090909091
0.705882352941
1.09090909091
0.777777777778
0.761904761905
0.5
0.869565217391
0.470588235294
0.571428571429
0.533333333333
0.571428571429
0.705882352941
0.8
0.588235294118
0.842105263158
0.571428571429
0.875
0.666666666667
0.903225806452
0.666666666667
0.5
0.769230769231
0.666666666667
0.666666666667
0.608695652174
0.666666666667
0.4
0.863636363636
0.47619047619
1.05263157895
0.6
0.7
0.6
0.461538461538
0.888888888889
0.555555555556
0.470588235294
0.333333333333
0.666666666667
0.8
0.666666666667
0.571428571429
0.857142857143
0.571428571429
0.947368421053
0.75
0.818181818182
0.714285714286
0.222222222222
0.833333333333
0.6
0.714285714286
1.05555555556
0.823529411765
1.22222222222
0.888888888889
0.266666666667
0.727272727273
0.375
0.857142857143
0.777777777778
0.333333333333
0.666666666667
0.7
0.8
0.545454545455
0.571428571429
0.545454545455
0.785714285714
0.6
0.666666666667
0.5
1.15789473684
0.625
0.733333333333
0.888888888889
0.923076923077
0.769230769231
1.0
0.761904761905
0.857142857143
0.333333333333
0.538461538462
0.222222222222
0.5
0.315789473684
0.947368421053
0.75
0.909090909091
0.125
0.857142857143
0.434782608696
0.416666666667
0.4
0.842105263158
0.571428571429
0.444444444444
0.727272727273
0.8
0.210526315789
0.615384615385
0.454545454545
0.352941176471
0.666666666667
0.4
0.842105263158
0.631578947368
0.75
0.857142857143
0.5
0.727272727273
0.47619047619
0.888888888889
0.823529411765
1.0
1.0
0.916666666667
0.909090909091
0.857142857143
0.380952380952
0.538461538462
0.933333333333
0.75
0.47619047619
0.8
0.571428571429
0.545454545455
