0.708333333333
0.518518518519
0.645161290323
0.816326530612
0.378378378378
0.421052631579
0.6
0.704545454545
0.764705882353
0.486486486486
0.734693877551
1.12
1.0243902439
1.08333333333
0.818181818182
0.722222222222
0.833333333333
0.689655172414
0.5
-1
0.848484848485
0.428571428571
0.56
0.432432432432
0.608695652174
1.04545454545
0.744186046512
0.5
0.888888888889
0.666666666667
0.666666666667
0.666666666667
0.4375
0.883720930233
0.585365853659
0.416666666667
0.545454545455
0.615384615385
0.810810810811
0.756756756757
0.628571428571
0.432432432432
0.625
0.782608695652
0.6875
0.564102564103
0.909090909091
0.5
0.923076923077
0.80701754386
0.848484848485
0.883720930233
0.869565217391
0.555555555556
0.702702702703
0.514285714286
0.526315789474
0.549019607843
0.727272727273
0.528301886792
0.76
0.564102564103
0.795918367347
0.538461538462
0.461538461538
0.974358974359
0.731707317073
0.780487804878
0.808510638298
0.708333333333
0.84
0.545454545455
0.483870967742
0.58064516129
0.647058823529
0.903225806452
0.84
0.545454545455
0.5
0.7
0.925925925926
0.652173913043
0.607142857143
0.666666666667
0.808510638298
0.555555555556
-1
0.58064516129
-1
0.756756756757
0.913043478261
0.727272727273
0.774193548387
0.8
0.434782608696
0.717948717949
0.5625
0.666666666667
0.705882352941
0.875
0.434782608696
0.533333333333
0.642857142857
0.625
1.02325581395
0.628571428571
0.578947368421
0.764705882353
0.682926829268
1.04761904762
0.923076923077
0.666666666667
0.551724137931
0.592592592593
0.448979591837
0.75
0.84
0.714285714286
0.483870967742
0.7
0.625
0.833333333333
0.384615384615
0.545454545455
0.764705882353
-1
0.695652173913
0.625
0.847826086957
0.545454545455
0.69387755102
0.666666666667
0.651162790698
1.0
0.648648648649
0.454545454545
0.777777777778
0.745098039216
0.909090909091
0.790697674419
0.514285714286
0.518518518519
0.660377358491
0.777777777778
0.727272727273
0.461538461538
0.913043478261
0.612244897959
-1
0.628571428571
0.838709677419
0.625
0.936170212766
0.943396226415
0.666666666667
0.5
0.533333333333
0.692307692308
0.736842105263
0.451612903226
0.75
0.68
0.903225806452
0.723404255319
0.545454545455
0.807692307692
0.742857142857
0.851063829787
0.736842105263
0.634146341463
0.792452830189
0.5
0.722222222222
0.818181818182
0.551724137931
0.615384615385
0.684210526316
0.857142857143
0.526315789474
0.829268292683
0.692307692308
0.702702702703
0.642857142857
0.679245283019
0.5
0.68
0.938775510204
0.714285714286
0.451612903226
0.48
0.709677419355
0.769230769231
0.722222222222
0.65
0.740740740741
0.5
0.938775510204
0.526315789474
0.767857142857
0.588235294118
0.878048780488
0.979591836735
0.5
0.529411764706
0.620689655172
0.5
0.869565217391
0.85
0.529411764706
0.717948717949
0.717948717949
0.645161290323
0.844444444444
0.878048780488
0.468085106383
0.790697674419
0.742857142857
0.857142857143
0.816326530612
0.730769230769
0.758620689655
0.821428571429
0.882352941176
0.588235294118
0.794871794872
0.631578947368
0.958333333333
0.844444444444
0.45
0.7
0.571428571429
0.916666666667
-1
0.75
0.722222222222
-1
0.518518518519
1.26829268293
0.648648648649
0.909090909091
0.551724137931
-1
0.755555555556
0.833333333333
0.702702702703
0.555555555556
0.777777777778
0.47619047619
0.736842105263
0.818181818182
0.823529411765
0.918032786885
0.789473684211
0.606060606061
0.913043478261
0.651162790698
0.777777777778
0.63829787234
0.625
0.594594594595
0.58064516129
0.666666666667
0.615384615385
-1
0.461538461538
0.888888888889
0.888888888889
0.904761904762
0.697674418605
0.736842105263
0.466666666667
0.892857142857
0.390243902439
0.971428571429
0.790697674419
0.526315789474
0.736842105263
0.5
0.742857142857
0.529411764706
0.807692307692
0.666666666667
0.695652173913
0.5
0.795454545455
0.769230769231
0.514285714286
0.702702702703
0.8
0.755555555556
0.682926829268
0.777777777778
0.48
0.533333333333
0.7
1.0243902439
0.702702702703
0.809523809524
0.5
0.5625
0.666666666667
0.603773584906
0.521739130435
0.642857142857
0.564102564103
-1
0.810810810811
0.684210526316
0.75
0.772727272727
1.06382978723
0.897959183673
0.641509433962
0.620689655172
0.631578947368
0.837209302326
0.763157894737
0.833333333333
0.594594594595
0.777777777778
0.571428571429
0.75
0.888888888889
0.473684210526
0.810810810811
0.5
0.48275862069
0.611111111111
0.736842105263
0.516129032258
0.809523809524
0.863636363636
0.820512820513
0.731707317073
0.620689655172
0.344827586207
0.514285714286
0.620689655172
0.866666666667
0.529411764706
0.709677419355
0.745098039216
0.648648648649
0.564102564103
0.52380952381
0.555555555556
0.545454545455
0.466666666667
0.789473684211
0.9
0.742857142857
-1
0.48
0.631578947368
0.628571428571
0.857142857143
0.666666666667
1.0
0.740740740741
0.862745098039
0.642857142857
0.684210526316
0.742857142857
-1
0.645161290323
0.705882352941
0.7
0.777777777778
0.666666666667
0.916666666667
0.875
0.9375
0.416666666667
0.980392156863
0.606060606061
0.913043478261
0.533333333333
0.9375
0.642857142857
0.711111111111
0.592592592593
0.642857142857
0.571428571429
0.608695652174
0.842105263158
0.692307692308
0.590909090909
0.774193548387
1.07407407407
0.685714285714
0.709677419355
0.756756756757
0.8
0.758620689655
0.765957446809
0.65
0.823529411765
0.324324324324
0.952380952381
0.826086956522
0.702702702703
0.307692307692
0.551724137931
0.571428571429
0.514285714286
0.772727272727
0.571428571429
0.413793103448
0.5
0.75
0.823529411765
0.863636363636
0.954545454545
0.871794871795
0.625
0.4
0.594594594595
1.02222222222
0.545454545455
0.736842105263
0.808510638298
0.421052631579
0.571428571429
0.55
1.01818181818
0.975609756098
0.733333333333
0.642857142857
0.571428571429
0.55
0.833333333333
0.692307692308
0.571428571429
0.692307692308
0.761904761905
-1
0.6
0.7
0.619047619048
0.820512820513
0.641509433962
0.777777777778
1.02564102564
0.545454545455
0.666666666667
0.666666666667
0.666666666667
0.410256410256
0.723404255319
0.818181818182
0.816326530612
0.916666666667
0.578947368421
0.755102040816
0.583333333333
0.8
0.731707317073
0.681818181818
0.5
1.075
0.611111111111
0.648648648649
0.774193548387
0.95652173913
0.470588235294
0.854545454545
0.512820512821
0.744186046512
0.863636363636
0.864864864865
0.763636363636
0.5
0.5
0.787878787879
0.620689655172
0.307692307692
0.875
0.555555555556
0.733333333333
0.58064516129
0.444444444444
0.473684210526
0.444444444444
0.578947368421
0.461538461538
0.723404255319
0.851063829787
0.913043478261
0.636363636364
0.774193548387
0.681818181818
0.826086956522
0.583333333333
0.692307692308
0.411764705882
0.736842105263
0.620689655172
0.864864864865
0.5
0.4
1.02564102564
0.673469387755
0.860465116279
0.413793103448
0.857142857143
0.867924528302
0.5
0.588235294118
0.685714285714
0.666666666667
0.5
0.755555555556
0.585365853659
0.5
0.734693877551
0.758620689655
0.424242424242
0.651162790698
-1
0.634146341463
0.631578947368
0.48275862069
0.685714285714
0.521739130435
-1
0.4
0.647058823529
0.608695652174
0.461538461538
0.5625
0.444444444444
0.896551724138
0.75
0.943396226415
0.526315789474
0.6
-1
0.8125
0.857142857143
0.830188679245
0.421052631579
0.518518518519
0.564102564103
0.882352941176
0.461538461538
0.538461538462
0.736842105263
0.529411764706
0.642857142857
0.634146341463
0.923076923077
1.0
1.0
0.590909090909
0.8125
0.883720930233
0.666666666667
0.731707317073
0.68
0.727272727273
0.740740740741
0.884615384615
0.535714285714
0.466666666667
0.708333333333
0.782608695652
0.727272727273
1.15555555556
0.615384615385
0.533333333333
0.818181818182
0.864864864865
0.514285714286
0.756756756757
0.461538461538
0.606060606061
0.585365853659
0.74
0.765957446809
0.864864864865
0.47619047619
0.509803921569
0.5
0.666666666667
0.627450980392
0.93023255814
0.837209302326
0.791666666667
0.628571428571
0.48275862069
0.705882352941
0.461538461538
0.590909090909
0.857142857143
0.411764705882
0.666666666667
0.55
0.540540540541
0.648648648649
0.772727272727
-1
0.608695652174
0.787878787879
0.820512820513
0.826086956522
0.755555555556
0.744186046512
0.529411764706
0.736842105263
0.625
0.5625
0.592592592593
0.824561403509
0.791666666667
0.733333333333
0.64
0.666666666667
0.761904761905
0.631578947368
0.451612903226
0.64
0.685714285714
0.4
0.851063829787
0.893617021277
0.558139534884
1.03225806452
0.666666666667
0.594594594595
0.777777777778
0.709677419355
0.518518518519
0.435897435897
0.830188679245
0.736842105263
0.514285714286
0.545454545455
0.755555555556
-1
0.615384615385
-1
0.540540540541
0.388888888889
0.473684210526
0.977777777778
0.714285714286
0.952380952381
0.689655172414
0.739130434783
0.833333333333
0.564102564103
0.695652173913
0.666666666667
-1
0.615384615385
0.789473684211
0.791666666667
1.0
0.666666666667
0.777777777778
0.645161290323
0.8
0.48
0.727272727273
0.75
0.611111111111
0.540540540541
0.703703703704
0.731707317073
0.622222222222
0.974358974359
0.571428571429
0.818181818182
0.486486486486
0.758620689655
0.692307692308
0.925
0.5
1.02564102564
0.764705882353
0.578947368421
0.727272727273
0.558139534884
0.642857142857
1.0
0.571428571429
0.933333333333
0.842105263158
0.8125
0.866666666667
0.947368421053
0.387096774194
0.666666666667
0.628571428571
0.666666666667
0.521739130435
-1
0.578947368421
0.5
0.588235294118
0.444444444444
0.769230769231
0.844444444444
0.722222222222
0.731707317073
0.791666666667
0.7
0.32
0.780487804878
0.733333333333
0.867924528302
0.486486486486
-1
0.72
0.772727272727
0.717948717949
0.4
0.9
0.666666666667
0.678571428571
0.8125
0.851063829787
0.518518518519
0.692307692308
0.871794871795
0.6875
0.685714285714
0.875
0.583333333333
0.4375
0.8
0.64
0.942307692308
0.709677419355
0.722222222222
0.625
0.95
0.344827586207
0.378378378378
0.730769230769
0.5
0.8
0.666666666667
0.709677419355
0.6875
0.46875
0.64
0.69696969697
0.692307692308
0.765957446809
