0.758620689655
0.541666666667
0.883720930233
0.941176470588
0.738461538462
0.909090909091
0.847457627119
0.682926829268
0.872727272727
-1
0.731707317073
0.612244897959
0.933333333333
1.03846153846
0.8125
0.957446808511
0.681818181818
0.977777777778
0.904109589041
0.489795918367
0.966666666667
0.695652173913
0.952380952381
0.516129032258
0.8
-1
-1
0.590909090909
0.978723404255
0.789473684211
1.0
1.0
-1
0.577777777778
0.754716981132
0.755555555556
-1
1.07142857143
-1
-1
0.730769230769
0.857142857143
0.947368421053
0.762376237624
0.833333333333
0.507936507937
1.0
0.555555555556
0.944444444444
0.866666666667
0.9375
0.93023255814
0.837209302326
0.9
0.418604651163
0.864864864865
0.75
0.344827586207
-1
1.01492537313
0.774193548387
0.903225806452
0.734693877551
1.04761904762
1.13333333333
0.938775510204
-1
-1
0.8125
0.911111111111
0.93023255814
0.903225806452
0.973684210526
0.52
-1
0.886075949367
0.583333333333
0.5
0.684210526316
0.818181818182
0.75
-1
0.853658536585
0.785046728972
0.787878787879
1.08695652174
0.936170212766
0.58064516129
0.592592592593
1.07142857143
0.75
0.914285714286
0.378378378378
0.967741935484
0.538461538462
1.0
1.0
0.8
0.909090909091
1.16279069767
0.769230769231
0.712328767123
0.685714285714
0.904761904762
1.10204081633
1.0
0.731707317073
0.58064516129
0.980392156863
0.84375
0.958333333333
0.857142857143
0.745762711864
0.869565217391
1.1186440678
0.622222222222
0.792452830189
0.533333333333
0.809523809524
0.324324324324
0.25
0.555555555556
0.64
0.491803278689
1.03333333333
0.620689655172
0.782608695652
0.951219512195
0.912280701754
0.695652173913
0.821917808219
0.819047619048
0.648648648649
0.711111111111
0.925
-1
-1
-1
0.702702702703
1.0
1.1875
-1
0.666666666667
0.845070422535
0.823529411765
1.06666666667
-1
1.0
1.06896551724
0.883116883117
1.0
-1
0.772727272727
1.0
-1
0.782608695652
0.8
0.909090909091
0.953271028037
0.578947368421
0.695652173913
0.647058823529
1.1
0.938775510204
0.736842105263
0.782608695652
0.352941176471
0.682926829268
-1
0.712328767123
0.666666666667
-1
-1
-1
0.878048780488
0.886363636364
0.75
0.378378378378
0.695652173913
0.871794871795
1.11111111111
0.969696969697
0.71875
1.0
0.444444444444
0.722222222222
0.896551724138
0.972972972973
0.739130434783
0.648648648649
0.324324324324
-1
-1
0.666666666667
0.818181818182
1.0
1.33333333333
0.857142857143
-1
0.876712328767
0.608695652174
0.571428571429
0.620689655172
0.63829787234
1.11111111111
0.982456140351
0.714285714286
0.933333333333
0.652173913043
0.524590163934
0.352941176471
1.13333333333
0.918918918919
0.823529411765
0.758620689655
1.02127659574
1.07692307692
0.648648648649
0.666666666667
-1
0.470588235294
-1
-1
-1
0.731707317073
0.897959183673
0.983050847458
1.33333333333
1.0612244898
0.727272727273
0.958333333333
0.894736842105
0.56
0.933333333333
0.684210526316
0.666666666667
-1
-1
-1
-1
-1
-1
-1
0.04
0.652173913043
1.06666666667
0.9
1.0
0.648648648649
1.33333333333
0.682926829268
0.829268292683
0.888888888889
0.955223880597
0.7
1.0
0.933333333333
0.918918918919
1.10526315789
0.918918918919
1.04761904762
-1
0.810810810811
0.636363636364
0.697674418605
0.705882352941
1.07692307692
-1
0.766666666667
0.478260869565
0.962962962963
0.444444444444
0.681818181818
0.782608695652
-1
0.808510638298
0.701754385965
0.705882352941
0.731707317073
1.125
0.942857142857
0.78125
0.904761904762
0.933333333333
0.818181818182
0.947368421053
1.27272727273
0.892307692308
1.1186440678
-1
1.02127659574
0.5
0.654545454545
-1
0.925
-1
-1
-1
-1
-1
0.0425531914894
0.355555555556
0.689655172414
1.14893617021
0.85
0.842105263158
0.388888888889
-1
0.777777777778
1.0
0.873563218391
0.763636363636
0.620689655172
0.608695652174
0.909090909091
-1
0.975609756098
0.848484848485
0.857142857143
0.521739130435
0.92
0.533333333333
1.37931034483
0.530612244898
-1
1.08695652174
0.717948717949
-1
-1
-1
-1
-1
0.733333333333
1.03896103896
-1
-1
-1
-1
-1
0.48
0.567164179104
0.571428571429
0.911392405063
-1
0.8
1.0
0.909090909091
0.90625
0.333333333333
0.869565217391
0.727272727273
1.06060606061
0.63829787234
-1
0.7
0.780487804878
1.01538461538
1.05
0.867924528302
0.928571428571
0.754098360656
0.583333333333
0.941176470588
0.763636363636
0.8
0.724137931034
0.6
1.08474576271
0.171428571429
0.65
0.864864864865
1.06666666667
0.731707317073
0.697674418605
0.962025316456
0.836363636364
0.793103448276
0.808510638298
-1
0.681818181818
0.608695652174
0.872727272727
0.792079207921
0.682926829268
0.333333333333
1.43859649123
-1
-1
0.901408450704
0.936170212766
-1
0.780487804878
0.785714285714
0.8125
1.10344827586
0.590909090909
0.722222222222
-1
0.604651162791
-1
0.48
0.666666666667
0.857142857143
1.02222222222
0.8
0.714285714286
0.492307692308
-1
0.863636363636
0.742857142857
1.01492537313
1.0
1.0
0.622222222222
1.11320754717
1.1186440678
0.777777777778
0.916666666667
0.909090909091
0.740740740741
0.48
0.744186046512
1.0303030303
0.909090909091
0.571428571429
0.977777777778
0.682926829268
1.0
0.72
0.888888888889
0.488888888889
0.952380952381
0.652173913043
0.818181818182
0.711111111111
0.971428571429
0.9
-1
-1
0.615384615385
0.352941176471
0.897959183673
0.851851851852
0.608695652174
0.8
0.788732394366
0.8
0.588235294118
0.953488372093
1.06896551724
0.809523809524
0.76
0.764705882353
0.883720930233
1.02222222222
0.430769230769
0.814814814815
0.864864864865
0.5
0.444444444444
0.692307692308
0.6
0.578947368421
0.882352941176
0.65
0.868852459016
0.631578947368
0.851851851852
0.90243902439
0.55737704918
0.953846153846
0.545454545455
-1
-1
0.714285714286
-1
0.666666666667
0.916666666667
0.840579710145
0.731707317073
1.40677966102
0.818181818182
0.791666666667
0.736842105263
0.679245283019
0.444444444444
-1
-1
0.558139534884
1.02912621359
-1
0.823529411765
-1
0.955223880597
-1
0.620689655172
-1
0.595744680851
0.518518518519
0.586206896552
0.864197530864
0.857142857143
0.939393939394
-1
0.645161290323
1.01754385965
0.714285714286
-1
1.0
0.72
0.939759036145
0.825396825397
0.714285714286
0.666666666667
0.378378378378
0.571428571429
0.941176470588
-1
0.833333333333
0.631578947368
0.709677419355
0.872727272727
0.827586206897
0.775510204082
0.666666666667
0.756756756757
0.845070422535
0.769230769231
0.666666666667
0.761904761905
-1
0.939393939394
0.891891891892
0.69387755102
0.615384615385
1.0
0.808510638298
0.76
0.567164179104
1.0
-1
0.727272727273
1.06976744186
-1
0.606060606061
0.851851851852
-1
0.692307692308
0.8125
0.529411764706
0.814814814815
-1
-1
-1
0.888888888889
0.9375
0.909090909091
0.785714285714
-1
0.490566037736
0.866666666667
0.648648648649
0.897959183673
-1
-1
-1
0.48
0.6
0.618181818182
0.818181818182
0.8
0.977777777778
0.695652173913
0.836363636364
1.08333333333
0.689655172414
0.5
0.9
0.780487804878
1.42857142857
0.785714285714
0.608695652174
0.647887323944
0.673913043478
0.538461538462
1.16129032258
0.782608695652
0.63829787234
0.7
0.588235294118
0.833333333333
0.958333333333
-1
-1
0.93023255814
1.04761904762
0.851063829787
-1
0.878048780488
-1
0.388888888889
0.909090909091
-1
-1
-1
0.611111111111
-1
0.888888888889
0.944444444444
-1
-1
-1
0.829787234043
-1
0.8125
0.9
0.837209302326
0.914285714286
0.47619047619
0.530612244898
0.63829787234
0.954545454545
0.836363636364
0.916666666667
1.0
0.810810810811
0.775510204082
1.01333333333
0.622222222222
0.918918918919
1.0
-1
1.09090909091
0.466666666667
0.810126582278
0.913580246914
0.886075949367
0.210526315789
0.545454545455
1.02564102564
0.909090909091
0.958333333333
0.615384615385
-1
0.853658536585
0.947368421053
-1
0.740740740741
-1
-1
0.478260869565
0.829268292683
0.938775510204
0.983050847458
0.8
0.912280701754
0.48275862069
0.780487804878
-1
-1
-1
0.866666666667
-1
-1
0.514285714286
0.714285714286
0.666666666667
-1
0.863636363636
1.0
0.730769230769
0.620689655172
0.561797752809
0.735849056604
0.63829787234
-1
0.551724137931
1.04347826087
0.516129032258
0.909090909091
0.65306122449
1.0
0.836363636364
0.872727272727
-1
0.974358974359
-1
0.894736842105
0.742857142857
0.9375
-1
0.789473684211
-1
0.808510638298
0.823529411765
0.90243902439
0.857142857143
0.651162790698
0.877192982456
-1
-1
-1
0.830769230769
0.444444444444
0.875
0.903225806452
0.987341772152
0.695652173913
0.894736842105
1.25
0.961538461538
0.7
0.938775510204
1.0
0.954545454545
0.833333333333
1.06493506494
0.705882352941
0.780487804878
0.95
0.411764705882
0.740740740741
0.735294117647
1.23076923077
0.756756756757
0.46511627907
0.792452830189
0.8
0.782608695652
0.647058823529
0.682926829268
1.0
0.893617021277
0.307692307692
