1.16666666667
0.736842105263
0.75
0.947368421053
0.857142857143
0.833333333333
0.833333333333
0.615384615385
0.933333333333
0.8
0.8
0.666666666667
0.875
0.923076923077
0.833333333333
0.833333333333
0.769230769231
1.16666666667
0.769230769231
1.0
1.125
1.0
1.07692307692
0.933333333333
1.23076923077
0.857142857143
1.05882352941
0.923076923077
0.923076923077
0.428571428571
0.833333333333
0.714285714286
1.0
0.833333333333
0.923076923077
0.888888888889
0.625
0.947368421053
1.09090909091
0.923076923077
1.09090909091
0.5
1.0
1.0
1.0
1.0
1.0
1.0
1.0
1.0
0.933333333333
0.833333333333
1.0
0.947368421053
0.857142857143
1.2
1.0
1.16666666667
1.0
0.833333333333
0.833333333333
1.0
0.857142857143
0.833333333333
0.923076923077
0.5
0.833333333333
1.09090909091
0.888888888889
0.875
0.875
0.8
0.833333333333
1.07692307692
0.666666666667
0.666666666667
1.07692307692
0.923076923077
0.769230769231
0.857142857143
0.6
0.666666666667
0.888888888889
0.666666666667
0.666666666667
1.05263157895
0.666666666667
0.909090909091
0.769230769231
0.833333333333
1.16666666667
0.714285714286
0.769230769231
0.857142857143
0.933333333333
1.05263157895
0.923076923077
0.923076923077
0.947368421053
0.75
0.571428571429
0.6
0.75
1.0
0.666666666667
0.769230769231
1.0
0.727272727273
0.615384615385
0.6
0.833333333333
0.777777777778
1.0625
0.888888888889
0.5
0.857142857143
0.857142857143
0.923076923077
0.842105263158
0.833333333333
0.8
0.8
0.2
0.8
0.8
0.8
0.8
0.777777777778
0.666666666667
0.666666666667
0.5
0.666666666667
0.888888888889
0.777777777778
0.8
0.933333333333
0.833333333333
0.833333333333
0.666666666667
0.615384615385
0.666666666667
0.769230769231
0.571428571429
0.923076923077
1.0
0.615384615385
1.0
1.0
0.714285714286
1.0
0.777777777778
0.75
0.8
0.2
0.6
1.0
1.09090909091
0.909090909091
0.8
1.0
1.0
1.0
0.666666666667
0.923076923077
0.769230769231
0.5
0.923076923077
0.833333333333
0.923076923077
0.666666666667
0.857142857143
0.615384615385
1.06666666667
0.705882352941
0.857142857143
0.909090909091
1.0
0.8
1.0
0.923076923077
0.769230769231
0.666666666667
0.666666666667
0.833333333333
1.0
0.666666666667
0.8
0.8
0.2
0.8
0.875
1.0
0.933333333333
0.666666666667
0.923076923077
0.833333333333
0.166666666667
0.727272727273
0.833333333333
0.2
0.8
0.833333333333
0.769230769231
0.705882352941
0.833333333333
1.09090909091
0.769230769231
0.75
0.727272727273
0.8
0.933333333333
0.857142857143
0.666666666667
0.923076923077
0.769230769231
0.666666666667
0.842105263158
0.714285714286
0.625
0.428571428571
0.8
0.777777777778
0.727272727273
0.833333333333
0.545454545455
0.666666666667
0.75
0.8
0.615384615385
0.923076923077
0.615384615385
1.0
0.833333333333
0.666666666667
0.461538461538
0.571428571429
1.09090909091
0.714285714286
0.75
0.769230769231
0.769230769231
1.0
0.7
0.777777777778
0.615384615385
0.666666666667
0.5
0.571428571429
0.666666666667
0.5
0.6
0.947368421053
0.705882352941
0.928571428571
0.714285714286
0.857142857143
0.714285714286
0.666666666667
0.769230769231
0.842105263158
0.4
0.666666666667
0.571428571429
0.571428571429
0.533333333333
0.5
0.5
0.615384615385
0.909090909091
0.769230769231
0.769230769231
0.933333333333
0.615384615385
0.923076923077
0.666666666667
0.615384615385
1.0
0.666666666667
0.666666666667
0.75
0.761904761905
0.714285714286
0.833333333333
0.769230769231
0.933333333333
0.705882352941
0.777777777778
0.545454545455
0.6
0.833333333333
0.923076923077
0.615384615385
0.571428571429
0.5
0.727272727273
0.875
0.769230769231
0.833333333333
0.428571428571
0.153846153846
0.666666666667
0.842105263158
1.06666666667
0.666666666667
0.8
0.923076923077
0.769230769231
0.571428571429
0.615384615385
0.666666666667
0.615384615385
0.769230769231
0.666666666667
0.705882352941
0.470588235294
0.8
1.0
0.705882352941
0.470588235294
0.666666666667
0.666666666667
0.625
0.714285714286
0.533333333333
0.727272727273
0.2
0.2
0.666666666667
0.571428571429
0.615384615385
0.166666666667
0.615384615385
0.428571428571
0.625
0.666666666667
1.0
0.823529411765
0.421052631579
0.615384615385
1.0
0.615384615385
0.615384615385
0.5
0.545454545455
0.933333333333
1.0
0.727272727273
0.571428571429
0.666666666667
0.727272727273
0.727272727273
0.714285714286
0.625
0.727272727273
0.666666666667
0.666666666667
0.181818181818
0.571428571429
0.5
1.0
0.75
0.777777777778
0.714285714286
0.615384615385
0.833333333333
0.666666666667
0.2
0.666666666667
0.166666666667
0.666666666667
0.153846153846
0.615384615385
0.153846153846
0.2
0.714285714286
0.428571428571
0.666666666667
0.615384615385
0.153846153846
0.461538461538
0.428571428571
0.666666666667
0.153846153846
0.615384615385
0.5
0.727272727273
0.571428571429
0.666666666667
0.714285714286
0.8
0.666666666667
0.166666666667
0.571428571429
0.833333333333
0.571428571429
0.615384615385
0.533333333333
0.75
0.705882352941
0.777777777778
0.823529411765
0.588235294118
0.72
0.6
0.909090909091
0.608695652174
0.666666666667
0.714285714286
0.933333333333
0.833333333333
0.470588235294
0.666666666667
0.5
0.833333333333
0.571428571429
0.714285714286
0.555555555556
0.923076923077
0.727272727273
0.666666666667
0.6
0.571428571429
0.823529411765
0.727272727273
0.166666666667
0.571428571429
0.727272727273
0.181818181818
0.166666666667
0.833333333333
0.666666666667
0.6
0.705882352941
0.705882352941
0.428571428571
0.666666666667
0.933333333333
0.714285714286
0.533333333333
0.625
0.615384615385
0.142857142857
0.533333333333
0.571428571429
0.666666666667
0.375
0.5
0.153846153846
0.153846153846
0.142857142857
0.166666666667
0.588235294118
0.5
0.545454545455
0.533333333333
0.923076923077
0.666666666667
0.5
0.533333333333
0.533333333333
0.5
0.526315789474
0.571428571429
0.615384615385
0.533333333333
0.615384615385
0.705882352941
0.615384615385
0.5
0.615384615385
0.923076923077
0.533333333333
0.4
0.941176470588
0.545454545455
0.727272727273
0.142857142857
0.571428571429
0.133333333333
0.181818181818
0.857142857143
0.714285714286
0.153846153846
0.428571428571
0.823529411765
0.666666666667
0.375
0.666666666667
0.272727272727
0.571428571429
0.571428571429
0.166666666667
0.777777777778
0.166666666667
0.461538461538
0.470588235294
0.285714285714
0.8
0.47619047619
0.571428571429
0.571428571429
0.5
0.875
0.5
0.714285714286
0.571428571429
0.6
0.875
0.571428571429
0.571428571429
0.142857142857
0.571428571429
0.8
0.533333333333
0.714285714286
0.727272727273
0.684210526316
0.133333333333
0.461538461538
0.153846153846
0.153846153846
0.533333333333
0.533333333333
0.571428571429
0.705882352941
0.666666666667
0.533333333333
0.736842105263
0.736842105263
0.705882352941
0.5
0.25
0.125
0.5
0.428571428571
0.615384615385
0.615384615385
0.4
0.352941176471
0.615384615385
0.5
0.166666666667
0.166666666667
0.181818181818
0.666666666667
0.153846153846
0.571428571429
0.2
0.666666666667
0.461538461538
0.153846153846
0.533333333333
0.857142857143
0.615384615385
0.470588235294
0.5
0.5
0.428571428571
0.571428571429
0.153846153846
0.615384615385
0.761904761905
0.444444444444
0.571428571429
0.133333333333
0.923076923077
0.333333333333
0.588235294118
0.666666666667
0.285714285714
0.933333333333
0.4
0.571428571429
0.5
0.6
0.375
0.75
0.555555555556
0.571428571429
0.533333333333
0.8
0.4
0.235294117647
0.444444444444
0.833333333333
0.6
0.666666666667
0.923076923077
0.133333333333
0.352941176471
0.444444444444
0.5
0.833333333333
0.125
0.153846153846
0.666666666667
0.421052631579
0.333333333333
0.636363636364
0.5
0.428571428571
0.545454545455
0.545454545455
0.181818181818
0.454545454545
0.421052631579
0.428571428571
0.588235294118
0.428571428571
0.125
0.125
0.533333333333
0.461538461538
0.142857142857
0.166666666667
0.142857142857
0.615384615385
0.166666666667
0.153846153846
0.444444444444
0.5
0.666666666667
0.142857142857
0.133333333333
0.428571428571
0.153846153846
0.166666666667
0.4
0.5
0.666666666667
0.352941176471
0.571428571429
0.428571428571
0.142857142857
0.142857142857
0.166666666667
0.714285714286
0.142857142857
0.166666666667
0.153846153846
0.153846153846
0.421052631579
0.461538461538
0.428571428571
0.615384615385
0.142857142857
0.125
0.5
0.375
0.428571428571
0.461538461538
0.545454545455
0.352941176471
0.615384615385
0.666666666667
0.5
0.166666666667
0.545454545455
0.166666666667
0.666666666667
0.823529411765
0.461538461538
0.470588235294
0.583333333333
0.461538461538
0.166666666667
0.625
0.153846153846
0.133333333333
0.352941176471
0.769230769231
0.923076923077
0.461538461538
0.444444444444
0.625
0.75
0.4
0.5
0.526315789474
0.428571428571
0.4
0.5
0.380952380952
0.166666666667
0.125
0.285714285714
0.142857142857
0.461538461538
0.615384615385
0.125
0.315789473684
0.8
0.615384615385
0.631578947368
0.444444444444
0.133333333333
0.125
0.444444444444
0.545454545455
0.428571428571
0.625
0.47619047619
0.608695652174
0.571428571429
0.181818181818
0.551724137931
0.571428571429
0.461538461538
0.307692307692
0.266666666667
0.64
0.307692307692
0.571428571429
0.142857142857
0.428571428571
0.428571428571
0.117647058824
0.181818181818
0.210526315789
0.307692307692
0.153846153846
0.166666666667
0.533333333333
0.153846153846
0.142857142857
0.666666666667
0.285714285714
0.533333333333
0.375
0.142857142857
0.533333333333
0.235294117647
0.352941176471
0.105263157895
0.111111111111
0.105263157895
0.636363636364
0.6
0.6875
0.705882352941
0.266666666667
0.4
0.428571428571
0.4
0.5
0.181818181818
0.266666666667
0.5
0.5
0.307692307692
