0.0
0.0
0.0
0.228571428571
0.0666666666667
0.046511627907
0.114285714286
0.129032258065
0.0454545454545
0.108108108108
0.0
0.105263157895
0.0
0.0645161290323
-1
0.0
0.0
0.105263157895
0.214285714286
0.111111111111
0.125
0.411764705882
0.0357142857143
0.206896551724
0.222222222222
0.0
0.0
0.214285714286
0.0392156862745
0.181818181818
0.285714285714
0.0444444444444
0.2
0.0
0.0
0.0512820512821
0.0434782608696
0.0701754385965
0.0
0.129032258065
0.2
0.0645161290323
0.0
0.0909090909091
0.105263157895
0.0975609756098
0.1875
0.24
0.0909090909091
0.315789473684
0.0851063829787
0.0
0.173913043478
0.0
0.05
0.0740740740741
0.146341463415
0.227272727273
0.105263157895
0.296296296296
0.0816326530612
0.0
0.461538461538
0.222222222222
0.139534883721
0.0
0.25
0.173913043478
0.153846153846
0.0689655172414
0.142857142857
0.0
0.190476190476
0.0952380952381
0.0487804878049
0.0869565217391
0.0
0.0
0.0
0.0714285714286
0.245614035088
0.181818181818
0.0
0.0754716981132
0.272727272727
0.0666666666667
0.0851063829787
0.0
0.0
0.0
0.0
0.0
0.0
0.139534883721
0.0
0.0
0.285714285714
0.0677966101695
0.133333333333
0.333333333333
0.0833333333333
0.142857142857
0.133333333333
0.238095238095
0.0
0.0
0.260869565217
0.307692307692
0.146341463415
0.0
0.0
0.0645161290323
0.222222222222
0.05
0.0
0.169491525424
0.0
0.0851063829787
0.0606060606061
0.130434782609
0.0
0.0
0.0
0.114285714286
0.0
0.25
0.163265306122
0.146341463415
0.0377358490566
0.0
0.166666666667
0.0833333333333
0.206896551724
0.127659574468
0.0
0.125
0.181818181818
0.0408163265306
0.0
0.046511627907
0.103448275862
0.2
0.142857142857
0.0666666666667
0.0
0.173913043478
0.222222222222
0.0377358490566
0.146341463415
0.0
0.0
0.16
0.0769230769231
0.285714285714
0.206896551724
0.163265306122
0.1
0.148148148148
0.25641025641
0.0
0.08
0.0
0.05
0.0
0.157894736842
0.133333333333
0.0555555555556
0.125
0.0869565217391
0.102564102564
0.0571428571429
0.0
0.285714285714
0.0833333333333
0.214285714286
0.105263157895
0.0
0.0851063829787
0.11320754717
0.0540540540541
0.114285714286
0.0689655172414
0.0
0.0833333333333
0.156862745098
0.32
0.0
0.148148148148
0.111111111111
