0.571428571429
0.714285714286
0.4
0.428571428571
0.352941176471
0.133333333333
0.727272727273
0.333333333333
0.25
0.285714285714
0.533333333333
0.428571428571
0.307692307692
0.142857142857
0.333333333333
0.769230769231
0.615384615385
0.428571428571
0.736842105263
0.888888888889
0.5
0.615384615385
0.285714285714
0.4
0.833333333333
0.666666666667
0.235294117647
0.95652173913
0.315789473684
0.333333333333
1.15384615385
0.461538461538
0.363636363636
0.714285714286
0.571428571429
0.95652173913
0.833333333333
0.5
0.75
0.333333333333
0.727272727273
0.235294117647
0.75
0.0
0.75
0.666666666667
0.24
0.833333333333
0.928571428571
0.5
0.96
0.923076923077
0.25
0.727272727273
0.153846153846
0.666666666667
0.666666666667
0.666666666667
0.4
0.615384615385
0.533333333333
0.588235294118
0.4
0.352941176471
0.0
0.363636363636
0.833333333333
0.615384615385
0.666666666667
0.344827586207
0.727272727273
0.461538461538
0.769230769231
0.5
0.47619047619
0.625
0.428571428571
0.133333333333
0.857142857143
0.666666666667
0.727272727273
0.4
0.8
0.666666666667
0.444444444444
0.25
0.0
0.631578947368
0.133333333333
0.285714285714
0.375
0.533333333333
0.588235294118
0.555555555556
0.428571428571
0.823529411765
0.666666666667
0.8
0.823529411765
0.782608695652
0.625
0.615384615385
0.583333333333
0.727272727273
0.777777777778
0.428571428571
0.125
0.142857142857
0.6
0.9
0.470588235294
0.333333333333
0.571428571429
0.5
0.363636363636
0.533333333333
0.4
0.4
0.428571428571
0.5
0.571428571429
0.2
0.4
0.727272727273
0.533333333333
0.421052631579
0.428571428571
0.4
0.117647058824
0.461538461538
0.25
0.75
0.153846153846
0.769230769231
0.363636363636
0.777777777778
0.428571428571
0.533333333333
0.777777777778
0.714285714286
0.571428571429
0.833333333333
0.615384615385
0.666666666667
0.666666666667
0.461538461538
0.714285714286
0.235294117647
0.428571428571
0.166666666667
0.857142857143
0.235294117647
0.375
0.923076923077
0.833333333333
0.705882352941
0.533333333333
0.615384615385
0.533333333333
0.5
0.25
0.705882352941
0.4
0.7
0.0
0.461538461538
0.0
0.846153846154
0.307692307692
0.666666666667
0.5
0.5
0.588235294118
0.833333333333
0.625
0.105263157895
0.533333333333
0.545454545455
0.470588235294
0.285714285714
0.705882352941
0.333333333333
0.666666666667
0.142857142857
0.714285714286
0.714285714286
0.615384615385
0.833333333333
0.625
0.695652173913
0.533333333333
0.461538461538
0.833333333333
0.666666666667
0.533333333333
0.375
0.526315789474
0.75
0.4
0.307692307692
0.727272727273
0.461538461538
0.869565217391
0.4
0.8
0.375
0.421052631579
0.714285714286
0.137931034483
0.5
0.421052631579
0.75
0.705882352941
0.142857142857
0.692307692308
0.285714285714
0.470588235294
0.666666666667
0.769230769231
0.352941176471
0.941176470588
0.0769230769231
0.210526315789
0.181818181818
0.4
0.0
0.307692307692
0.428571428571
0.533333333333
0.533333333333
0.533333333333
0.833333333333
0.333333333333
0.5
0.533333333333
0.470588235294
0.428571428571
0.0
0.461538461538
0.8
0.769230769231
0.842105263158
0.117647058824
0.526315789474
0.5
0.833333333333
0.363636363636
0.666666666667
0.631578947368
0.333333333333
0.736842105263
0.714285714286
0.526315789474
0.727272727273
0.5
0.352941176471
0.363636363636
0.833333333333
0.8
0.5
0.631578947368
0.5
0.166666666667
0.133333333333
0.666666666667
0.307692307692
0.2
0.857142857143
0.8
0.5
0.307692307692
0.75
0.769230769231
0.769230769231
0.421052631579
0.5
0.769230769231
0.285714285714
0.727272727273
0.0
0.125
0.769230769231
0.727272727273
0.75
0.666666666667
0.714285714286
0.4
0.833333333333
0.9
0.5
0.705882352941
0.8
0.266666666667
0.666666666667
0.4
0.48
0.352941176471
0.666666666667
0.666666666667
0.666666666667
0.105263157895
0.615384615385
0.285714285714
0.461538461538
0.833333333333
0.5
0.769230769231
0.7
0.769230769231
0.8
0.266666666667
0.666666666667
0.588235294118
0.5
0.823529411765
0.285714285714
0.571428571429
0.133333333333
0.833333333333
0.8
0.571428571429
0.533333333333
0.461538461538
0.5
0.307692307692
0.222222222222
0.857142857143
0.727272727273
0.571428571429
0.285714285714
0.761904761905
0.181818181818
0.727272727273
0.5
0.470588235294
0.235294117647
0.6
0.133333333333
0.736842105263
0.625
0.555555555556
0.769230769231
0.166666666667
0.666666666667
0.444444444444
0.923076923077
0.833333333333
0.125
0.545454545455
0.666666666667
0.4
0.9
0.5
0.8
0.428571428571
0.6
0.285714285714
0.615384615385
1.0
0.166666666667
0.5
0.625
0.933333333333
0.666666666667
0.666666666667
0.4
0.461538461538
0.25
0.285714285714
0.941176470588
0.125
0.5
0.8
0.666666666667
0.571428571429
0.470588235294
0.347826086957
0.736842105263
0.545454545455
0.615384615385
0.666666666667
0.875
0.8
0.769230769231
0.333333333333
0.428571428571
0.823529411765
0.590909090909
0.235294117647
0.727272727273
0.333333333333
0.470588235294
0.533333333333
0.769230769231
0.333333333333
0.375
0.769230769231
0.7
0.166666666667
0.833333333333
0.470588235294
0.5
0.5
0.181818181818
0.714285714286
0.666666666667
0.769230769231
0.857142857143
0.666666666667
0.615384615385
0.8
0.533333333333
0.461538461538
0.461538461538
0.857142857143
0.833333333333
0.533333333333
0.533333333333
0.8
0.363636363636
0.6
0.666666666667
0.0
0.545454545455
0.117647058824
0.769230769231
0.666666666667
0.5
0.285714285714
0.571428571429
0.588235294118
0.75
0.470588235294
0.461538461538
0.333333333333
0.666666666667
0.25
0.461538461538
0.571428571429
0.428571428571
0.545454545455
0.571428571429
0.833333333333
0.727272727273
0.5
0.625
0.533333333333
0.32
0.75
0.153846153846
0.588235294118
0.5
0.333333333333
0.461538461538
0.833333333333
0.235294117647
0.307692307692
0.666666666667
0.666666666667
0.666666666667
0.285714285714
0.285714285714
0.461538461538
0.615384615385
0.769230769231
0.533333333333
0.222222222222
0.666666666667
0.533333333333
0.526315789474
0.117647058824
0.923076923077
0.571428571429
0.25
0.235294117647
0.941176470588
0.615384615385
0.727272727273
0.315789473684
0.608695652174
0.727272727273
0.5
0.352941176471
0.4
0.533333333333
0.909090909091
0.8
0.823529411765
0.736842105263
0.75
0.5
0.782608695652
0.888888888889
0.833333333333
0.5
0.5
0.769230769231
0.666666666667
0.695652173913
0.0
0.444444444444
0.428571428571
0.533333333333
0.625
0.4
0.727272727273
0.615384615385
0.428571428571
0.727272727273
0.833333333333
0.666666666667
0.615384615385
0.666666666667
0.5
0.736842105263
0.777777777778
0.714285714286
0.625
0.777777777778
0.555555555556
0.461538461538
0.941176470588
0.533333333333
0.9
0.571428571429
0.0
0.833333333333
0.555555555556
0.5
0.842105263158
0.615384615385
0.4
0.4
0.533333333333
0.444444444444
0.666666666667
0.571428571429
0.833333333333
0.352941176471
0.0
0.714285714286
0.666666666667
0.5
0.64
0.833333333333
0.625
0.823529411765
0.769230769231
0.571428571429
0.769230769231
0.105263157895
0.5
0.526315789474
0.736842105263
0.8
0.5
0.727272727273
0.461538461538
0.5
0.142857142857
0.666666666667
