-1
-1
0.0
0.833333333333
0.9
-1
0.7
0.333333333333
0.714285714286
0.25
0.428571428571
0.4
0.470588235294
0.75
0.823529411765
0.111111111111
0.857142857143
0.625
0.5
0.428571428571
0.375
0.941176470588
0.615384615385
0.555555555556
0.307692307692
0.1
0.857142857143
0.5
0.625
0.461538461538
0.47619047619
0.666666666667
0.470588235294
0.266666666667
0.823529411765
0.666666666667
0.769230769231
0.625
0.615384615385
0.625
0.533333333333
0.533333333333
0.266666666667
0.875
0.625
0.727272727273
0.428571428571
-1
0.833333333333
0.666666666667
0.375
0.4
0.105263157895
0.166666666667
0.75
0.333333333333
0.521739130435
0.875
0.705882352941
1.0
0.0
0.285714285714
0.857142857143
0.25
0.375
0.375
0.315789473684
0.952380952381
0.133333333333
0.5
0.923076923077
0.5
0.363636363636
0.533333333333
0.333333333333
0.615384615385
0.2
0.5
-1
0.8
0.222222222222
0.333333333333
0.380952380952
0.133333333333
0.461538461538
0.769230769231
0.692307692308
0.4
0.615384615385
0.6
0.666666666667
0.307692307692
0.933333333333
0.363636363636
0.25
0.777777777778
0.25
0.512820512821
0.666666666667
0.75
0.363636363636
0.307692307692
0.8
0.631578947368
0.777777777778
0.307692307692
0.266666666667
0.4
0.153846153846
0.733333333333
0.6
0.363636363636
-1
0.833333333333
0.714285714286
0.714285714286
0.714285714286
0.769230769231
0.615384615385
1.0
0.8
0.666666666667
0.461538461538
0.444444444444
0.444444444444
0.809523809524
0.8
0.8
0.142857142857
0.470588235294
-1
0.615384615385
0.533333333333
0.615384615385
0.666666666667
0.736842105263
0.571428571429
0.5
0.8
0.777777777778
0.0
0.588235294118
0.625
0.333333333333
0.235294117647
0.857142857143
0.833333333333
0.266666666667
0.941176470588
0.25
0.181818181818
0.9
0.210526315789
0.111111111111
0.631578947368
0.714285714286
0.571428571429
0.833333333333
0.6
0.666666666667
0.625
0.363636363636
0.769230769231
-1
0.521739130435
0.888888888889
0.266666666667
0.470588235294
0.307692307692
0.8
0.0
0.333333333333
0.7
0.888888888889
0.2
0.375
0.266666666667
0.705882352941
0.571428571429
0.5
0.8
0.769230769231
0.615384615385
0.0
0.428571428571
0.75
0.666666666667
0.142857142857
0.0
0.4
0.352941176471
0.8
0.571428571429
0.428571428571
0.545454545455
0.25
0.153846153846
0.285714285714
0.727272727273
0.6
0.736842105263
0.352941176471
0.266666666667
0.25
0.833333333333
0.266666666667
0.833333333333
0.615384615385
0.470588235294
0.714285714286
0.470588235294
0.166666666667
0.875
0.714285714286
0.333333333333
0.588235294118
0.625
0.714285714286
0.571428571429
0.571428571429
0.588235294118
0.25
0.714285714286
0.153846153846
0.8
1.0
0.5
0.333333333333
0.533333333333
0.857142857143
0.333333333333
0.571428571429
0.5
0.461538461538
0.7
0.444444444444
0.571428571429
0.666666666667
0.222222222222
0.571428571429
0.545454545455
0.666666666667
0.875
0.75
0.0
0.75
0.615384615385
0.142857142857
0.470588235294
0.833333333333
0.166666666667
0.461538461538
0.769230769231
0.533333333333
0.588235294118
0.333333333333
0.6
0.857142857143
0.545454545455
0.769230769231
0.727272727273
0.2
0.769230769231
0.833333333333
0.933333333333
0.75
0.615384615385
0.4
0.5
0.333333333333
0.8
0.444444444444
0.933333333333
0.428571428571
0.75
0.333333333333
0.666666666667
0.909090909091
0.695652173913
0.571428571429
0.222222222222
0.823529411765
0.363636363636
0.4
0.714285714286
0.181818181818
0.0
0.428571428571
-1
0.888888888889
0.0
0.0
0.421052631579
0.933333333333
0.75
0.714285714286
0.285714285714
0.25
1.0
0.533333333333
0.769230769231
0.428571428571
1.0
0.6
0.8
0.9
0.95652173913
0.5
0.5
0.857142857143
0.375
0.333333333333
0.75
0.461538461538
0.434782608696
0.727272727273
0.75
0.571428571429
0.428571428571
0.714285714286
0.625
0.333333333333
0.8
0.8
0.727272727273
0.352941176471
0.533333333333
0.6
0.75
0.285714285714
0.285714285714
0.375
0.2
0.375
0.875
0.0
0.333333333333
0.0
0.375
0.833333333333
0.5
0.533333333333
0.615384615385
0.615384615385
0.363636363636
0.470588235294
0.133333333333
0.666666666667
0.714285714286
0.25
0.533333333333
0.533333333333
0.8
0.235294117647
0.666666666667
0.615384615385
0.571428571429
0.461538461538
0.0
0.266666666667
0.571428571429
0.666666666667
0.769230769231
0.352941176471
0.6
0.705882352941
0.75
0.444444444444
0.6
0.666666666667
0.0
1.0
0.2
0.307692307692
0.666666666667
0.48
0.526315789474
0.461538461538
0.4
0.5
0.588235294118
-1
0.75
0.615384615385
0.769230769231
0.142857142857
0.615384615385
0.421052631579
0.727272727273
0.363636363636
0.352941176471
0.571428571429
0.333333333333
0.142857142857
0.5
0.8
0.823529411765
0.444444444444
0.666666666667
0.5
0.777777777778
0.777777777778
0.666666666667
0.4
0.555555555556
0.555555555556
0.777777777778
0.857142857143
0.625
0.769230769231
0.736842105263
0.285714285714
0.533333333333
0.181818181818
0.166666666667
0.25
0.0
0.714285714286
0.133333333333
0.0769230769231
0.307692307692
0.125
0.117647058824
0.222222222222
0.785714285714
0.588235294118
0.727272727273
-1
0.222222222222
0.260869565217
0.833333333333
0.352941176471
0.615384615385
0.666666666667
0.909090909091
0.545454545455
0.8
0.266666666667
0.909090909091
0.818181818182
-1
0.375
0.352941176471
0.352941176471
0.875
0.75
0.352941176471
0.363636363636
0.705882352941
0.4
0.769230769231
-1
0.571428571429
0.461538461538
0.7
0.521739130435
0.307692307692
0.533333333333
0.615384615385
0.833333333333
0.428571428571
0.444444444444
0.375
0.2
0.615384615385
0.533333333333
0.625
0.428571428571
0.461538461538
0.933333333333
0.47619047619
0.5
0.666666666667
0.666666666667
0.818181818182
0.666666666667
0.705882352941
0.8
0.266666666667
0.153846153846
0.857142857143
0.625
0.315789473684
0.777777777778
0.6
0.285714285714
0.533333333333
0.6875
0.625
0.533333333333
0.714285714286
0.5
0.75
0.461538461538
0.666666666667
0.588235294118
1.11111111111
0.190476190476
0.857142857143
0.428571428571
0.714285714286
0.4
0.777777777778
0.769230769231
0.769230769231
0.428571428571
0.714285714286
0.545454545455
0.4
0.5
0.428571428571
0.666666666667
0.923076923077
0.0
0.307692307692
0.869565217391
0.764705882353
0.4
0.375
0.888888888889
0.636363636364
0.666666666667
0.470588235294
0.428571428571
0.571428571429
0.235294117647
0.117647058824
0.714285714286
0.461538461538
0.363636363636
0.307692307692
0.428571428571
0.8
0.3
0.8
0.625
0.615384615385
0.5
0.47619047619
0.533333333333
0.6
0.428571428571
0.166666666667
0.833333333333
0.909090909091
0.588235294118
0.833333333333
0.4
0.588235294118
0.588235294118
0.461538461538
0.666666666667
0.705882352941
0.727272727273
0.307692307692
0.235294117647
0.727272727273
0.533333333333
0.461538461538
0.2
0.705882352941
-1
0.615384615385
0.571428571429
0.166666666667
0.6
0.545454545455
0.7
0.307692307692
0.153846153846
0.631578947368
0.769230769231
0.666666666667
0.666666666667
0.4
0.428571428571
0.181818181818
0.666666666667
0.285714285714
0.533333333333
0.666666666667
0.533333333333
0.888888888889
0.6
0.153846153846
0.545454545455
0.533333333333
0.666666666667
0.6
0.428571428571
0.833333333333
0.941176470588
0.222222222222
0.285714285714
0.555555555556
0.125
0.615384615385
0.583333333333
0.941176470588
0.75
-1
0.833333333333
0.133333333333
0.7
0.933333333333
0.705882352941
0.461538461538
-1
0.714285714286
0.470588235294
0.714285714286
0.266666666667
0.470588235294
0.470588235294
0.555555555556
0.363636363636
0.777777777778
0.333333333333
0.833333333333
0.285714285714
0.6
0.461538461538
0.909090909091
0.133333333333
0.769230769231
0.666666666667
0.588235294118
0.571428571429
0.857142857143
0.666666666667
0.588235294118
0.782608695652
0.533333333333
0.111111111111
0.8
0.588235294118
0.428571428571
0.2
0.833333333333
0.555555555556
0.352941176471
0.461538461538
0.75
0.266666666667
-1
0.4
0.571428571429
0.526315789474
0.888888888889
0.571428571429
0.266666666667
0.363636363636
0.714285714286
0.571428571429
0.266666666667
0.588235294118
0.117647058824
0.666666666667
0.615384615385
0.47619047619
0.647058823529
0.5
0.133333333333
0.714285714286
0.705882352941
0.25
0.571428571429
0.266666666667
0.470588235294
0.5
0.7
0.133333333333
0.727272727273
0.615384615385
0.307692307692
0.545454545455
0.0
0.75
0.666666666667
0.777777777778
0.8
0.24
0.444444444444
0.285714285714
0.5
0.0
0.6
0.75
0.615384615385
0.769230769231
0.714285714286
0.727272727273
0.75
0.133333333333
0.823529411765
0.375
0.909090909091
0.6
0.352941176471
0.857142857143
0.736842105263
0.307692307692
0.833333333333
0.571428571429
0.774193548387
0.375
-1
0.266666666667
0.666666666667
0.5
0.5
0.533333333333
0.52380952381
0.461538461538
0.666666666667
0.823529411765
0.5
0.25
-1
0.857142857143
0.545454545455
0.666666666667
0.666666666667
0.5
0.857142857143
0.333333333333
1.0
0.4
0.923076923077
0.117647058824
0.4
0.571428571429
0.761904761905
0.444444444444
0.307692307692
0.705882352941
0.25
0.272727272727
0.333333333333
0.25
0.714285714286
0.105263157895
0.533333333333
0.375
0.615384615385
0.571428571429
0.428571428571
0.533333333333
0.25
0.222222222222
